273152->5137
271462->854

5137,'FISKT75     ',  12.5000,1, 222,  28,   1,0.98406,-108.5844,1.10000,0.90000,1.10000,0.90000
854,'FISK38B     ', 138.0000,1, 222,  28,   1,0.99624, -68.6205,1.10000,0.90000,1.10000,0.90000


   854,  5137,     0,'1 ',2,2,1, 0.00000E+0, 0.00000E+0,2,'            ',1,   1,1.0000,   0,1.0000,   0,1.0000,   0,1.0000,'            '
 0.00000E+0, 7.50000E-3,   300.00
138.000, 138.000,  30.000,     0.00,     0.00,     0.00, 0,      0, 1.00000, 1.00000, 0.00000, 0.00000,  33, 0, 0.00000, 0.00000,  0.000
12.5000,   0.000

271462,273153,273152,'1 ',2,1,1, 0.00000E+0, 0.00000E+0,2,'FISK75+IND  ',1,   1,1.0000,   0,1.0000,   0,1.0000,   0,1.0000,'            '
 1.13100E-2, 5.76200E-1,   100.00, 2.45000E-2, 1.32970E+0,   100.00, 1.12400E-2, 5.75700E-1,   100.00,1.01159, -65.4796
139.200, 132.000,   0.000,    96.00,   116.00,     0.00, 0,      0, 1.10000, 0.90000, 1.10000, 0.90000,  33, 0, 0.00000, 0.00000,  0.000
13.2000,  13.200,   0.000,    96.00,   116.00,     0.00, 0,      0,13.88890,11.36000,12.80000,12.40000,  33, 0, 0.00000, 0.00000,  0.000
13.2000,  13.200,   0.000,    96.00,   116.00,     0.00, 0,      0,13.88890,11.36000,12.80000,12.40000,  33, 0, 0.00000, 0.00000,  0.000

271462,'FISK     ; B', 138.0000,1, 222,   1, 222,0.99624, -68.6213,1.10000,0.90000,1.10000,0.90000