List of gen buses:
274739
274738
274731
274730
274733
274732
274735
274734
274737
274736
274821
274820
274823
274822
274824
274704
274705
274706
274707
274700
274701
274708
274709
274814
274815
274816
274810
274811
274812
274813
274818
274819
274686
274711
274710
274717
274716
274715
274718
274803
274802
274801
274800
274807
274806
274805
274809
274808
274858
274788
274789
274854
274766
274767
274764
274765
274762
274763
274760
274761
274687
274877
274650
274651
274656
274657
274654
274655
274793
274792
274658
274659
274795
274794
274775
274774
274777
274776
274771
274770
274773
274772
274864
274861
274863
274862
274791
274740
274741
274742
274743
274744
274745
274746
274850
274851
274853
274678
274855
274856
274857
274674
274675
274676
274677
274696
274697
274695
274693
274754
274753
274752
274751
274699
274799
274798
274849
274848
274663
274662
274661
274660
274872
274871
274728
274729
274723
274726
274727
274724
274725
274790
274878
274879
274836
274837
