274150,'ESS W503 ; B',  34.5000,1, 222,  20, 222,1.00462, -65.8890,1.10000,0.90000,1.10000,0.90000
274151,'ESS W502 ; R',  34.5000,1, 222,  20, 222,1.00191, -67.1516,1.10000,0.90000,1.10000,0.90000
274152,'ALSIP    ;  ',  34.5000,1, 222,  14, 222,1.02150, -66.5283,1.10000,0.90000,1.10000,0.90000
274159,'BEDFORD P;  ',  34.5000,1, 222,  24, 222,1.02281, -68.2242,1.10000,0.90000,1.10000,0.90000
274160,'BELLWOOD ; B',  34.5000,1, 222,  24, 222,1.02444, -73.2630,1.10000,0.90000,1.10000,0.90000
274161,'BELLWOOD ; R',  34.5000,1, 222,  24, 222,1.02264, -76.9153,1.10000,0.90000,1.10000,0.90000
274162,'BELVIDERE;  ',  34.5000,1, 222,  23, 222,1.03141, -65.9116,1.10000,0.90000,1.10000,0.90000
274163,'BLUE ISL ;  ',  34.5000,1, 222,  14, 222,1.02077, -62.8529,1.10000,0.90000,1.10000,0.90000
274164,'BUSSE    ;  ',  34.5000,1, 222,   2, 222,1.02262, -74.6676,1.10000,0.90000,1.10000,0.90000
274170,'CHI HGTS ; B',  34.5000,1, 222,  14, 222,1.01819, -67.2502,1.10000,0.90000,1.10000,0.90000
274171,'CHI HGTS ; R',  34.5000,1, 222,  14, 222,1.02108, -66.4646,1.10000,0.90000,1.10000,0.90000
274172,'CRYSTAL L; B',  34.5000,1, 222,  23, 222,1.02706, -75.2789,1.10000,0.90000,1.10000,0.90000
274173,'CRYSTAL L; R',  34.5000,1, 222,  23, 222,1.03265, -75.9158,1.10000,0.90000,1.10000,0.90000
274178,'DES PL 46;  ',  34.5000,1, 222,   2, 222,1.02409, -77.7980,1.10000,0.90000,1.10000,0.90000
274183,'EVANSTON ;  ',  34.5000,1, 222,   2, 222,1.01972, -81.1516,1.10000,0.90000,1.10000,0.90000
274190,'GOOSE LK ;  ',  34.5000,1, 222,  14, 222,1.03125, -58.9572,1.10000,0.90000,1.10000,0.90000
274191,'G385-2   ;1 ',  34.0000,1, 222,  40, 222,1.04968, -61.9977,1.10000,0.90000,1.10000,0.90000
274192,'G385-2   ;2 ',  34.0000,1, 222,  40, 222,1.05513, -61.4862,1.10000,0.90000,1.10000,0.90000
274195,'HIGHLAND ;  ',  34.5000,1, 222,   2, 222,1.01987, -81.9301,1.10000,0.90000,1.10000,0.90000
274203,'LISLE    ;  ',  34.5000,1, 222,  24, 222,1.02155, -72.0064,1.10000,0.90000,1.10000,0.90000
274204,'LOMBARD  ; B',  34.5000,1, 222,   2, 222,1.01886, -74.3284,1.10000,0.90000,1.10000,0.90000
274205,'LOMBARD  ; R',  34.5000,1, 222,   2, 222,1.01886, -74.3284,1.10000,0.90000,1.10000,0.90000
274212,'MARENGO  ; B',  34.5000,1, 222,  23, 222,1.03642, -72.8910,1.10000,0.90000,1.10000,0.90000
274213,'MARENGO  ; R',  34.5000,1, 222,  23, 222,1.03817, -71.6995,1.10000,0.90000,1.10000,0.90000
274214,'MAZON    ;  ',  34.5000,1, 222,   4, 222,1.03031, -56.6673,1.10000,0.90000,1.10000,0.90000
274215,'MCCOOK   ;  ',  34.5000,1, 222,  24, 222,1.01991, -71.3067,1.10000,0.90000,1.10000,0.90000
274216,'MCHENRY  ;  ',  34.5000,1, 222,  23, 222,1.02784, -75.6199,1.10000,0.90000,1.10000,0.90000
274217,'MONTGOMER;  ',  34.5000,1, 222,  23, 222,1.02058, -65.9241,1.10000,0.90000,1.10000,0.90000
274218,'ESS J390 ;  ',  35.5000,1, 222,  40, 222,0.99385, -57.3214,1.10000,0.90000,1.10000,0.90000
274225,'NILES    ;  ',  34.5000,1, 222,   2, 222,1.02450, -77.7566,1.10000,0.90000,1.10000,0.90000
274226,'N AURORA ; B',  34.5000,1, 222,  23, 222,1.01623, -68.2459,1.10000,0.90000,1.10000,0.90000
274227,'N AURORA ; R',  34.5000,1, 222,  23, 222,1.02224, -69.3610,1.10000,0.90000,1.10000,0.90000
274228,'N CHICAGO;  ',  34.5000,1, 222,   2, 222,1.02190, -78.9302,1.10000,0.90000,1.10000,0.90000
274236,'PALATINE ;  ',  34.5000,1, 222,   2, 222,1.02727, -79.8709,1.10000,0.90000,1.10000,0.90000
274244,'ROCK FALL;  ',  34.5000,1, 222,   3, 222,1.02484, -49.6900,1.10000,0.90000,1.10000,0.90000
274245,'ROUND LK ;  ',  34.5000,1, 222,   2, 222,1.02484, -77.8940,1.10000,0.90000,1.10000,0.90000
274253,'SANDWICH ;  ',  34.5000,1, 222,   3, 222,1.01662, -66.5371,1.10000,0.90000,1.10000,0.90000
274254,'SKOKIE 85;  ',  34.5000,1, 222,   2, 222,1.01718, -82.1099,1.10000,0.90000,1.10000,0.90000
274255,'S ELGIN  ;  ',  34.5000,1, 222,  23, 222,1.01548, -69.1486,1.10000,0.90000,1.10000,0.90000
274256,'JOLIET409;  ',  34.5000,1, 222,   4, 222,1.04138, -62.5103,1.10000,0.90000,1.10000,0.90000
274257,'SPAULDING:  ',  34.5000,1, 222,  23, 222,1.01648, -68.2213,1.10000,0.90000,1.10000,0.90000
274265,'TONNE    ;  ',  34.5000,1, 222,   2, 222,1.02320, -75.0602,1.10000,0.90000,1.10000,0.90000
274272,'W CHICAGO; B',  34.5000,1, 222,  23, 222,1.01912, -67.9711,1.10000,0.90000,1.10000,0.90000
274273,'W CHICAGO; R',  34.5000,1, 222,  23, 222,1.01827, -68.6165,1.10000,0.90000,1.10000,0.90000
274274,'WILL CNTY;  ',  34.5000,1, 222,   4, 222,1.02183, -67.5920,1.10000,0.90000,1.10000,0.90000
274403,'CAYUGA RI;1B',  34.5000,1, 222,  11, 222,0.95427, -41.9819,1.10000,0.90000,1.10000,0.90000
274404,'CAYUGA RI;2B',  34.5000,1, 222,  11, 222,0.95427, -41.9819,1.10000,0.90000,1.10000,0.90000
274405,'GR RIDGE ;2H',  34.5000,1, 222,  11, 222,1.03715, -46.2762,1.10000,0.90000,1.10000,0.90000
274406,'TOP CROP ;P1',  34.5000,1, 222,  11, 222,0.99026, -49.4142,1.10000,0.90000,1.10000,0.90000
274407,'TOP CROP ;P2',  34.5000,1, 222,  11, 222,0.98987, -49.4137,1.10000,0.90000,1.10000,0.90000
274408,'LEE DEKAL; B',  34.5000,1, 222,  11, 222,0.95441, -61.8398,1.10000,0.90000,1.10000,0.90000
274411,'GR RIDGE ;BH',  34.5000,1, 222,  11, 222,1.03713, -46.2761,1.10000,0.90000,1.10000,0.90000
274412,'CAMPGROVE;RH',  34.5000,1, 222,  11, 222,1.00622, -43.4747,1.10000,0.90000,1.10000,0.90000
274413,'CRESCENT ;1H',  34.5000,1, 222,  11, 222,1.00948, -46.1904,1.10000,0.90000,1.10000,0.90000
274414,'MENDOTA H;RH',  34.5000,1, 222,  11, 222,0.98332, -60.5066,1.10000,0.90000,1.10000,0.90000
274415,'PROVIDENC;RH',  34.5000,1, 222,  11, 222,1.03340, -46.1861,1.10000,0.90000,1.10000,0.90000
274416,'TWINGROVE;1H',  34.5000,1, 222,  11, 222,1.00689, -35.0113,1.10000,0.90000,1.10000,0.90000
274417,'TWINGROVE;2H',  34.5000,1, 222,  11, 222,1.00699, -35.0121,1.10000,0.90000,1.10000,0.90000
274418,'GSG-6    ;RH',  34.5000,1, 222,  11, 222,1.01724, -60.7432,1.10000,0.90000,1.10000,0.90000
274419,'ECOGROVE ;1H',  34.5000,1, 222,  11, 222,1.00922, -59.1929,1.10000,0.90000,1.10000,0.90000
274420,'EASY ROAD;1H',  34.5000,1, 222,  11, 222,1.01193, -43.2932,1.10000,0.90000,1.10000,0.90000
274421,'EASY ROAD;2H',  34.5000,1, 222,  11, 222,0.95804, -43.2932,1.10000,0.90000,1.10000,0.90000
274422,'BISHOP HL;1H',  34.5000,1, 222,  34, 222,1.00913, -44.9315,1.10000,0.90000,1.10000,0.90000
274423,'BISHOP HL;2H',  34.5000,1, 222,  34, 222,1.00913, -44.9315,1.10000,0.90000,1.10000,0.90000
274424,'MINONK   ;1H',  34.5000,1, 222,  11, 222,1.01559, -44.4609,1.10000,0.90000,1.10000,0.90000
274425,'TOP CROP ;1H',  34.5000,1, 222,  11, 222,0.99026, -49.4142,1.10000,0.90000,1.10000,0.90000
274426,'TOP CROP ;2H',  34.5000,1, 222,  11, 222,0.98987, -49.4137,1.10000,0.90000,1.10000,0.90000
274432,'LEE DEKAL;1H',  34.5000,1, 222,  11, 222,0.95442, -61.8398,1.10000,0.90000,1.10000,0.90000
274440,'GR RIDGE ;2B',  34.5000,1, 222,  11, 222,1.03714, -46.2761,1.10000,0.90000,1.10000,0.90000
274441,'GR RIDGE ;B ',  34.5000,1, 222,  11, 222,1.03713, -46.2760,1.10000,0.90000,1.10000,0.90000
274442,'CAMPGROVE;R ',  34.5000,1, 222,  11, 222,1.00622, -43.4746,1.10000,0.90000,1.10000,0.90000
274443,'CRESCENT ;1 ',  34.5000,1, 222,  11, 222,1.00947, -46.1904,1.10000,0.90000,1.10000,0.90000
274444,'MENDOTA H;R ',  34.5000,1, 222,  11, 222,0.98332, -60.5066,1.10000,0.90000,1.10000,0.90000
274445,'PROVIDENC;R ',  34.5000,1, 222,  11, 222,1.03339, -46.1861,1.10000,0.90000,1.10000,0.90000
274446,'TWINGROVE;1 ',  34.5000,1, 222,  11, 222,1.00689, -35.0113,1.10000,0.90000,1.10000,0.90000
274447,'TWINGROVE;2 ',  34.5000,1, 222,  11, 222,1.00699, -35.0121,1.10000,0.90000,1.10000,0.90000
274448,'GSG-6    ;R ',  34.5000,1, 222,  11, 222,1.01723, -60.7432,1.10000,0.90000,1.10000,0.90000
274449,'ECOGROVE ;1 ',  34.5000,1, 222,  11, 222,1.00922, -59.1929,1.10000,0.90000,1.10000,0.90000
274450,'EASY ROAD;1 ',  34.5000,1, 222,  11, 222,1.01192, -43.2932,1.10000,0.90000,1.10000,0.90000
274451,'EASY ROAD;2 ',  34.5000,1, 222,  11, 222,0.95804, -43.2932,1.10000,0.90000,1.10000,0.90000
274452,'BISHOP HL; 1',  34.5000,1, 222,  34, 222,1.00912, -44.9314,1.10000,0.90000,1.10000,0.90000
274453,'BISHOP HL; 2',  34.5000,1, 222,  34, 222,1.00912, -44.9314,1.10000,0.90000,1.10000,0.90000
274454,'MINONK   ; 1',  34.5000,1, 222,  11, 222,1.01559, -44.4608,1.10000,0.90000,1.10000,0.90000
275254,'BEDFORD P;1C',  34.5000,1, 222,   9, 222,0.95440, -64.7926,1.10000,0.90000,1.10000,0.90000
275255,'BEDFORD P;2C',  34.5000,1, 222,   9, 222,1.01817, -64.1743,1.10000,0.90000,1.10000,0.90000
275256,'BEDFORD P;3C',  34.5000,1, 222,   9, 222,0.95826, -64.2679,1.10000,0.90000,1.10000,0.90000
275257,'BEDFORD P;4C',  34.5000,1, 222,   9, 222,1.00500, -64.9926,1.10000,0.90000,1.10000,0.90000
275258,'BLOOM    ;4C',  34.5000,1, 222,   9, 222,0.96991, -61.0077,1.10000,0.90000,1.10000,0.90000
275260,'BLUE ISLA;1C',  34.5000,1, 222,   9, 222,1.01115, -60.8706,1.10000,0.90000,1.10000,0.90000
275261,'BLUE ISLA;2C',  34.5000,1, 222,   9, 222,1.01534, -60.0361,1.10000,0.90000,1.10000,0.90000
275262,'BLUE ISLA;3C',  34.5000,1, 222,   9, 222,1.00089, -60.7655,1.10000,0.90000,1.10000,0.90000
275263,'BURNHAM  ;1C',  36.2000,1, 222,   9, 222,0.99398, -61.1001,1.10000,0.90000,1.10000,0.90000
275264,'BURNHAM  ;4C',  36.2000,1, 222,   9, 222,0.99501, -60.0386,1.10000,0.90000,1.10000,0.90000
275265,'CHERRY VA;1C',  34.5000,1, 222,   9, 222,1.00677, -56.2345,1.10000,0.90000,1.10000,0.90000
275266,'CHERRY VA;2C',  34.5000,1, 222,   9, 222,1.01071, -57.6778,1.10000,0.90000,1.10000,0.90000
275267,'CHERRY VA;3C',  34.5000,1, 222,   9, 222,0.97325, -56.3657,1.10000,0.90000,1.10000,0.90000
275268,'COLLINS  ;2C',  33.0000,1, 222,   9, 222,1.02148, -51.3162,1.10000,0.90000,1.10000,0.90000
275269,'CRAWFORD ;1C',  34.5000,1, 222,   9, 222,0.95566, -67.2242,1.10000,0.90000,1.10000,0.90000
275270,'CRAWFORD ;2C',  34.5000,1, 222,   9, 222,0.95262, -68.0996,1.10000,0.90000,1.10000,0.90000
275271,'CRAWFORD ;3C',  34.5000,1, 222,   9, 222,0.95598, -68.4976,1.10000,0.90000,1.10000,0.90000
275272,'CRAWFORD ;4C',  34.5000,1, 222,   9, 222,0.95721, -66.9841,1.10000,0.90000,1.10000,0.90000
275273,'DAVIS CRK;2C',  34.5000,1, 222,   9, 222,0.95249, -54.9656,1.10000,0.90000,1.10000,0.90000
275274,'DAVIS CRK;3C',  34.5000,1, 222,   9, 222,0.95240, -54.8813,1.10000,0.90000,1.10000,0.90000
275275,'DES PL 46;1C',  34.5000,1, 222,   9, 222,0.99889, -73.0710,1.10000,0.90000,1.10000,0.90000
275276,'DES PL 46;2C',  34.5000,1, 222,   9, 222,0.99773, -73.1577,1.10000,0.90000,1.10000,0.90000
275277,'DES PL 46;3C',  34.5000,1, 222,   9, 222,0.99923, -72.8937,1.10000,0.90000,1.10000,0.90000
275278,'DES PL 46;4C',  34.5000,1, 222,   9, 222,0.99658, -72.8331,1.10000,0.90000,1.10000,0.90000
275279,'DRESDEN  ;1C',  34.5000,1, 222,   9, 222,0.96268, -54.6387,1.10000,0.90000,1.10000,0.90000
275280,'DRESDEN  ;3C',  34.5000,1, 222,   9, 222,0.96552, -53.4823,1.10000,0.90000,1.10000,0.90000
275281,'BLUE ISLA;4C',  34.5000,1, 222,   9, 222,0.96816, -61.3569,1.10000,0.90000,1.10000,0.90000
275282,'ELECT JCT;1C',  34.5000,1, 222,   9, 222,1.02868, -60.1999,1.10000,0.90000,1.10000,0.90000
275283,'ELECT JCT;3C',  34.5000,1, 222,   9, 222,1.00641, -61.3243,1.10000,0.90000,1.10000,0.90000
275284,'ELECT JCT;4C',  34.5000,1, 222,   9, 222,1.02177, -61.2391,1.10000,0.90000,1.10000,0.90000
275285,'ELMHURST ;1C',  34.5000,1, 222,   9, 222,0.98626, -70.0915,1.10000,0.90000,1.10000,0.90000
275286,'ELMHURST ;3C',  34.5000,1, 222,   9, 222,0.99393, -70.7083,1.10000,0.90000,1.10000,0.90000
275287,'ELMHURST ;4C',  34.5000,1, 222,   9, 222,0.98780, -71.0001,1.10000,0.90000,1.10000,0.90000
275288,'GOLF MILL;1C',  34.5000,1, 222,   9, 222,0.99677, -73.3213,1.10000,0.90000,1.10000,0.90000
275289,'GOLF MILL;2C',  34.5000,1, 222,   9, 222,0.99405, -73.5348,1.10000,0.90000,1.10000,0.90000
275290,'GOODINGS ;3C',  34.5000,1, 222,   9, 222,0.96976, -61.6884,1.10000,0.90000,1.10000,0.90000
275291,'ITASCA   ;2C',  34.5000,1, 222,   9, 222,1.00095, -71.0852,1.10000,0.90000,1.10000,0.90000
275292,'ITASCA   ;1C',  34.5000,1, 222,   9, 222,1.02141, -71.0158,1.10000,0.90000,1.10000,0.90000
275294,'LIBERTYVI;1C',  34.5000,1, 222,   9, 222,0.95777, -72.2162,1.10000,0.90000,1.10000,0.90000
275295,'LIBERTYVI;3C',  34.5000,1, 222,   9, 222,1.00428, -71.7096,1.10000,0.90000,1.10000,0.90000
275296,'LISLE    ;3C',  34.5000,1, 222,   9, 222,1.00696, -66.7344,1.10000,0.90000,1.10000,0.90000
275297,'LISLE    ;2C',  34.5000,1, 222,   9, 222,1.00022, -66.6411,1.10000,0.90000,1.10000,0.90000
275298,'LOMBARD  ;2C',  34.5000,1, 222,   9, 222,1.00776, -69.3822,1.10000,0.90000,1.10000,0.90000
275299,'LOMBARD  ;4C',  34.5000,1, 222,   9, 222,0.99949, -69.2348,1.10000,0.90000,1.10000,0.90000
275301,'MCCOOK   ;2C',  34.5000,1, 222,   9, 222,0.98340, -67.4537,1.10000,0.90000,1.10000,0.90000
275302,'MCCOOK   ;4C',  34.5000,1, 222,   9, 222,0.98601, -67.3425,1.10000,0.90000,1.10000,0.90000
275303,'NELSON   ;2C',  34.5000,1, 222,   9, 222,0.97734, -45.4798,1.10000,0.90000,1.10000,0.90000
275304,'NELSON   ;4C',  34.5000,1, 222,   9, 222,1.01911, -45.0066,1.10000,0.90000,1.10000,0.90000
275305,'NBROOK159;1C',  34.5000,1, 222,   9, 222,0.99309, -74.8641,1.10000,0.90000,1.10000,0.90000
275306,'NBROOK159;2C',  34.5000,1, 222,   9, 222,0.99587, -75.2686,1.10000,0.90000,1.10000,0.90000
275307,'PLANO    ;3C',  33.0000,1, 222,   9, 222,1.00856, -52.1674,1.10000,0.90000,1.10000,0.90000
275308,'PLANO    ;4C',  33.0000,1, 222,   9, 222,1.00835, -52.2158,1.10000,0.90000,1.10000,0.90000
275309,'PL VALLEY;1C',  34.5000,1, 222,   9, 222,0.97510, -67.5657,1.10000,0.90000,1.10000,0.90000
275310,'PONTIAC  ;2C',  34.5000,1, 222,   9, 222,0.94818, -40.7121,1.10000,0.90000,1.10000,0.90000
275311,'P HTS 117;1C',  34.5000,1, 222,   9, 222,0.99958, -74.1087,1.10000,0.90000,1.10000,0.90000
275312,'P HTS 117;4C',  34.5000,1, 222,   9, 222,1.00366, -74.7098,1.10000,0.90000,1.10000,0.90000
275313,'SILVER LK;2C',  34.5000,1, 222,   9, 222,1.01139, -68.3538,1.10000,0.90000,1.10000,0.90000
275314,'SILVER LK;3C',  34.5000,1, 222,   9, 222,1.03009, -67.6963,1.10000,0.90000,1.10000,0.90000
275315,'SKOKIE 88;1C',  34.5000,1, 222,   9, 222,0.98932, -75.0573,1.10000,0.90000,1.10000,0.90000
275316,'SKOKIE 88;2C',  34.5000,1, 222,   9, 222,0.99195, -75.2258,1.10000,0.90000,1.10000,0.90000
275317,'SKOKIE 88;3C',  34.5000,1, 222,   9, 222,0.99153, -75.3432,1.10000,0.90000,1.10000,0.90000
275318,'SKOKIE 88;4C',  34.5000,1, 222,   9, 222,0.99659, -75.1836,1.10000,0.90000,1.10000,0.90000
275319,'STATELINE;1C',  34.5000,1, 222,   9, 222,1.02450, -61.6672,1.10000,0.90000,1.10000,0.90000
275321,'TAYLOR   ;1C',  34.5000,1, 222,   9, 222,0.95525, -69.0739,1.10000,0.90000,1.10000,0.90000
275322,'TAYLOR   ;2C',  34.5000,1, 222,   9, 222,0.95383, -68.8423,1.10000,0.90000,1.10000,0.90000
275324,'GOODINGS ;2C',  34.5000,1, 222,   9, 222,0.96739, -59.8358,1.10000,0.90000,1.10000,0.90000
275325,'TOLLWAY  ;3C',  34.5000,1, 222,   9, 222,0.97941, -66.6854,1.10000,0.90000,1.10000,0.90000
275328,'WAYNE    ;1C',  34.5000,1, 222,   9, 222,1.01711, -63.3118,1.10000,0.90000,1.10000,0.90000
275329,'WAYNE    ;4C',  34.5000,1, 222,   9, 222,1.01614, -64.0264,1.10000,0.90000,1.10000,0.90000
275331,'WEMPLETOW;4C',  34.5000,1, 222,   9, 222,0.97085, -57.8092,1.10000,0.90000,1.10000,0.90000
275332,'WILTON   ;3C',  33.0000,1, 222,   9, 222,1.01119, -50.0716,1.10000,0.90000,1.10000,0.90000
275333,'WILTON   ;4C',  33.0000,1, 222,   9, 222,1.01145, -50.0020,1.10000,0.90000,1.10000,0.90000
275334,'WOLFS    ;1C',  34.5000,1, 222,   9, 222,0.97113, -60.9733,1.10000,0.90000,1.10000,0.90000
275335,'FISK     ;2C',  34.5000,1, 222,   9, 222,0.95300, -68.9434,1.10000,0.90000,1.10000,0.90000
275339,'ELECT JCT;2C',  34.5000,1, 222,   9, 222,0.97697, -60.1376,1.10000,0.90000,1.10000,0.90000
275340,'GOODINGS ;1C',  34.5000,1, 222,   9, 222,0.96758, -60.0310,1.10000,0.90000,1.10000,0.90000
275341,'NELSON   ;1C',  34.5000,1, 222,   9, 222,1.02895, -44.9074,1.10000,0.90000,1.10000,0.90000
275345,'LISLE    ;4C',  34.5000,1, 222,   9, 222,1.00080, -66.4180,1.10000,0.90000,1.10000,0.90000
275346,'WEST LOOP;1C',  34.5000,1, 222,   9, 222,0.98952, -70.4017,1.10000,0.90000,1.10000,0.90000
275347,'WEST LOOP;2C',  34.5000,1, 222,   9, 222,0.98556, -70.3731,1.10000,0.90000,1.10000,0.90000
275348,'LISLE;1C    ',  34.5000,1, 222,   9, 222,1.00985, -65.7907,1.10000,0.90000,1.10000,0.90000
275351,'E FRANKFO;3C',  34.5000,1, 222,   9, 222,0.97568, -57.2787,1.10000,0.90000,1.10000,0.90000
275354,'PLANO;1C    ',  34.5000,1, 222,   9,   1,0.97820, -55.6828,1.10000,0.90000,1.10000,0.90000
275356,'PONTIAC  ;1C',  34.5000,1, 222,   9, 222,0.94829, -40.6991,1.10000,0.90000,1.10000,0.90000
275394,'WAUKEGAN ;1C',  34.5000,1, 222,   9, 222,0.94462, -72.7588,1.10000,0.90000,1.10000,0.90000
275396,'WAUKEGAN ;3C',  34.5000,1, 222,   9, 222,0.94154, -72.6269,1.10000,0.90000,1.10000,0.90000
275950,'TR86;X      ',  34.5000,1, 222,   7,   1,1.04918, -49.6111,1.10000,0.90000,1.10000,0.90000
