750067,'SX',1, 222,   5,    22.000,    11.000,     0.000,     0.000,     0.000,     0.000, 222,0,0
750066,'SX',1, 222,   5,    22.000,    11.000,     0.000,     0.000,     0.000,     0.000, 222,0,0
 53007,'SX',1, 222,   5,    27.000,    10.000,     0.000,     0.000,     0.000,     0.000, 222,0,0
750122,'SX',1, 222,   5,    26.000,    11.000,     0.000,     0.000,     0.000,     0.000, 222,0,0
750167,'RX',1, 222,   5,    27.000,    14.000,     0.000,     0.000,     0.000,     0.000, 222,0,0
  3015,'1 ',1, 222,  50,    16.600,     8.104,     0.000,     0.000,     0.000,     0.000, 222,1,0
  3015,'2 ',1, 222,   5,     0.000,     0.000,     0.000,     0.000,     0.000,     0.000, 222,1,0
750005,'1 ',1, 222,  50,    24.900,    12.256,     0.000,     0.000,     0.000,     0.000, 222,1,0
750005,'2 ',1, 222,   5,     0.000,     0.000,     0.000,     0.000,     0.000,     0.000, 222,1,0
750077,'SX',1, 222,   5,    27.000,     8.000,     0.000,     0.000,     0.000,     0.000, 222,0,0
750078,'SX',1, 222,   5,    26.000,     8.000,     0.000,     0.000,     0.000,     0.000, 222,0,0
  5367,'1 ',1, 222,   5,    33.000,    31.000,     0.000,     0.000,     0.000,     0.000, 222,0,0
  5368,'1 ',1, 222,   5,    23.000,    24.000,     0.000,     0.000,     0.000,     0.000, 222,0,0
750096,'RX',1, 222,   5,    24.800,    14.300,     0.000,     0.000,     0.000,     0.000, 222,0,0
750095,'RX',1, 222,   5,    24.110,    11.940,     0.000,     0.000,     0.000,     0.000, 222,0,0
750080,'1 ',1, 222,  50,     1.000,     0.994,     0.000,     0.000,     0.000,     0.000, 222,1,0
 30014,'1 ',1, 222,  10,    59.700,     6.755,     0.000,     0.000,     0.000,     0.000, 222,1,0
 30009,'1 ',1, 222,  10,    39.800,     4.570,     0.000,     0.000,     0.000,     0.000, 222,1,0
  7156,'1 ',1, 222,  20,     0.000,     0.000,     0.000,     0.000,     0.000,     0.000, 222,1,0
  7155,'1 ',1, 222,  20,     0.000,     0.000,     0.000,     0.000,     0.000,     0.000, 222,1,0
  3772,'1 ',1, 222,  20,     0.000,     0.000,     0.000,     0.000,     0.000,     0.000, 222,1,0
  3771,'1 ',1, 222,  20,     0.000,     0.000,     0.000,     0.000,     0.000,     0.000, 222,1,0
  3379,'1 ',1, 222,   2,    25.900,     5.350,     0.000,     0.000,     0.000,     0.000, 222,1,0
  3380,'1 ',1, 222,   2,    22.100,     4.572,     0.000,     0.000,     0.000,     0.000, 222,1,0
   995,'1 ',1, 222,  23,    64.600,    31.926,     0.000,     0.000,     0.000,     0.000, 222,1,0
   996,'1 ',1, 222,  23,    39.600,    19.571,     0.000,     0.000,     0.000,     0.000, 222,1,0
  3224,'1 ',1, 222,  23,     0.000,     0.000,     0.000,     0.000,     0.000,     0.000, 222,1,0
  3181,'1 ',1, 222,  23,     0.000,     0.000,     0.000,     0.000,     0.000,     0.000, 222,1,0
  7033,'1 ',1, 222,  14,     0.000,     0.000,     0.000,     0.000,     0.000,     0.000, 222,1,0
  7032,'1 ',1, 222,  14,     0.000,     0.000,     0.000,     0.000,     0.000,     0.000, 222,1,0
  7080,'1 ',1, 222,  40,     0.000,     0.000,     0.000,     0.000,     0.000,     0.000, 222,1,0
  7081,'1 ',1, 222,  40,     0.000,     0.000,     0.000,     0.000,     0.000,     0.000, 222,1,0
  3488,'1 ',1, 222,   2,    38.700,    13.676,     0.000,     0.000,     0.000,     0.000, 222,1,0
  3485,'1 ',1, 222,   2,    30.400,    10.724,     0.000,     0.000,     0.000,     0.000, 222,1,0
750237,'1 ',1, 222,   2,     0.000,     0.000,     0.000,     0.000,     0.000,     0.000, 222,1,0
750234,'1 ',1, 222,   2,     0.000,     0.000,     0.000,     0.000,     0.000,     0.000, 222,1,0
  3260,'1 ',1, 222,   4,    24.500,     9.358,     0.000,     0.000,     0.000,     0.000, 222,1,0
  3261,'1 ',1, 222,   4,    32.500,    12.412,     0.000,     0.000,     0.000,     0.000, 222,1,0
  9047,'1 ',1, 222,  40,    45.100,    31.739,     0.000,     0.000,     0.000,     0.000, 222,1,0
  3411,'1 ',1, 222,   3,    22.300,    13.171,     0.000,     0.000,     0.000,     0.000, 222,1,0
  3531,'1 ',1, 222,  23,    19.000,    11.290,     0.000,     0.000,     0.000,     0.000, 222,1,0
  3192,'1 ',1, 222,   2,     0.000,     0.000,     0.000,     0.000,     0.000,     0.000, 222,1,0
  3191,'1 ',1, 222,   2,     0.000,     0.000,     0.000,     0.000,     0.000,     0.000, 222,1,0
  3338,'1 ',1, 222,  20,    14.600,     8.816,     0.000,     0.000,     0.000,     0.000, 222,1,0
  3339,'1 ',1, 222,  20,    14.600,     8.816,     0.000,     0.000,     0.000,     0.000, 222,1,0
  7065,'1 ',1, 222,  23,     0.000,     0.000,     0.000,     0.000,     0.000,     0.000, 222,1,0
  7031,'1 ',1, 222,  23,     0.000,     0.000,     0.000,     0.000,     0.000,     0.000, 222,1,0
  3297,'1 ',1, 222,  23,    12.500,     1.128,     0.000,     0.000,     0.000,     0.000, 222,1,0
  7086,'1 ',1, 222,  23,     0.000,     0.000,     0.000,     0.000,     0.000,     0.000, 222,1,0
  7085,'1 ',1, 222,  23,     0.000,     0.000,     0.000,     0.000,     0.000,     0.000, 222,1,0
750321,'1 ',1, 222,  24,     0.000,     0.000,     0.000,     0.000,     0.000,     0.000, 222,1,0
750322,'1 ',1, 222,  24,     0.000,     0.000,     0.000,     0.000,     0.000,     0.000, 222,1,0
  3399,'1 ',1, 222,   4,     0.000,     0.000,     0.000,     0.000,     0.000,     0.000, 222,1,0
  3384,'1 ',1, 222,   4,     0.000,     0.000,     0.000,     0.000,     0.000,     0.000, 222,1,0
  6613,'1 ',1, 222,  24,     0.000,     0.000,     0.000,     0.000,     0.000,     0.000, 222,1,0
750320,'1 ',1, 222,  24,     0.000,     0.000,     0.000,     0.000,     0.000,     0.000, 222,1,0
750292,'1 ',1, 222,  23,    22.400,     5.770,     0.000,     0.000,     0.000,     0.000, 222,1,0
  3532,'1 ',1, 222,  23,    27.400,     7.041,     0.000,     0.000,     0.000,     0.000, 222,1,0
  3338,'2 ',1, 222,  24,    31.100,    12.020,     0.000,     0.000,     0.000,     0.000, 222,1,0
  3339,'2 ',1, 222,  24,    26.500,    10.247,     0.000,     0.000,     0.000,     0.000, 222,1,0
  3176,'1 ',1, 222,  14,     0.000,     0.000,     0.000,     0.000,     0.000,     0.000, 222,1,0
  3165,'1 ',1, 222,  14,     0.000,     0.000,     0.000,     0.000,     0.000,     0.000, 222,1,0
  7038,'1 ',1, 222,   3,    14.700,     1.615,     0.000,     0.000,     0.000,     0.000, 222,1,0
  7097,'1 ',1, 222,   3,    10.600,     1.139,     0.000,     0.000,     0.000,     0.000, 222,1,0
  7705,'1 ',1, 222,  14,    14.700,     2.515,     0.000,     0.000,     0.000,     0.000, 222,1,0
  5010,'1 ',1, 222,  14,    20.800,    -1.220,     0.000,     0.000,     0.000,     0.000, 222,1,0
  5011,'1 ',1, 222,  14,    16.200,    -0.894,     0.000,     0.000,     0.000,     0.000, 222,1,0
  5012,'1 ',1, 222,  14,    20.800,    -1.220,     0.000,     0.000,     0.000,     0.000, 222,1,0
  7130,'1 ',1, 222,  40,     0.000,     0.000,     0.000,     0.000,     0.000,     0.000, 222,1,0
  3251,'1 ',1, 222,  24,     0.000,     0.000,     0.000,     0.000,     0.000,     0.000, 222,1,0
  3252,'1 ',1, 222,  24,     0.000,     0.000,     0.000,     0.000,     0.000,     0.000, 222,1,0
  1119,'1 ',1, 222,   4,   240.900,    34.606,     0.000,     0.000,     0.000,     0.000, 222,1,0
  3340,'1 ',1, 222,   4,    34.200,    10.202,     0.000,     0.000,     0.000,     0.000, 222,1,0
  3341,'1 ',1, 222,   4,    29.200,     8.731,     0.000,     0.000,     0.000,     0.000, 222,1,0
  3102,'1 ',1, 222,   4,    34.100,    11.303,     0.000,     0.000,     0.000,     0.000, 222,1,0
  3271,'1 ',1, 222,   4,    31.500,    10.418,     0.000,     0.000,     0.000,     0.000, 222,1,0
  7109,'1 ',1, 222,  23,    10.800,     4.737,     0.000,     0.000,     0.000,     0.000, 222,1,0
  7114,'1 ',1, 222,  23,    36.200,    15.791,     0.000,     0.000,     0.000,     0.000, 222,1,0
  3122,'1 ',1, 222,   2,    26.000,     5.050,     0.000,     0.000,     0.000,     0.000, 222,1,0
  3123,'1 ',1, 222,   2,    30.500,     5.923,     0.000,     0.000,     0.000,     0.000, 222,1,0
  7024,'1 ',1, 222,  24,     0.000,     0.000,     0.000,     0.000,     0.000,     0.000, 222,1,0
  7023,'1 ',1, 222,  24,     0.000,     0.000,     0.000,     0.000,     0.000,     0.000, 222,1,0
  3243,'1 ',1, 222,   2,     0.000,     0.000,     0.000,     0.000,     0.000,     0.000, 222,1,0
  3150,'1 ',1, 222,   2,     0.000,     0.000,     0.000,     0.000,     0.000,     0.000, 222,1,0
  3246,'1 ',1, 222,  24,    32.400,     9.812,     0.000,     0.000,     0.000,     0.000, 222,1,0
  3149,'1 ',1, 222,  24,    32.400,     9.812,     0.000,     0.000,     0.000,     0.000, 222,1,0
  5276,'1 ',1, 222,  14,   103.200,    50.303,     0.000,     0.000,     0.000,     0.000, 222,1,0
  5278,'1 ',1, 222,  14,   118.800,    57.012,     0.000,     0.000,     0.000,     0.000, 222,1,0
  7070,'1 ',1, 222,  40,     0.000,     0.000,     0.000,     0.000,     0.000,     0.000, 222,1,0
  3163,'1 ',1, 222,  23,    22.900,     9.667,     0.000,     0.000,     0.000,     0.000, 222,1,0
  3459,'1 ',1, 222,  23,    26.900,    11.344,     0.000,     0.000,     0.000,     0.000, 222,1,0
  7190,'1 ',1, 222,  40,     4.000,     2.077,     0.000,     0.000,     0.000,     0.000, 222,1,0
  7188,'1 ',1, 222,  40,     5.400,     2.769,     0.000,     0.000,     0.000,     0.000, 222,1,0
  7049,'1 ',1, 222,  20,     0.000,     0.000,     0.000,     0.000,     0.000,     0.000, 222,1,0
  7048,'1 ',1, 222,  20,     0.000,     0.000,     0.000,     0.000,     0.000,     0.000, 222,1,0
  8000,'1 ',1, 222,   4,    15.800,     4.509,     0.000,     0.000,     0.000,     0.000, 222,1,0
  7051,'1 ',1, 222,   3,    21.900,     6.973,     0.000,     0.000,     0.000,     0.000, 222,1,0
  7050,'1 ',1, 222,   3,    27.800,     8.939,     0.000,     0.000,     0.000,     0.000, 222,1,0
750272,'1 ',1, 222,  14,     0.000,     0.000,     0.000,     0.000,     0.000,     0.000, 222,1,0
750273,'1 ',1, 222,  14,     0.000,     0.000,     0.000,     0.000,     0.000,     0.000, 222,1,0
  3242,'1 ',1, 222,   2,    20.000,     3.084,     0.000,     0.000,     0.000,     0.000, 222,1,0
  3240,'1 ',1, 222,   2,    30.100,     4.626,     0.000,     0.000,     0.000,     0.000, 222,1,0
  7324,'1 ',1, 222,  30,     0.000,     0.000,     0.000,     0.000,     0.000,     0.000, 222,1,0
  7323,'1 ',1, 222,  30,     0.000,     0.000,     0.000,     0.000,     0.000,     0.000, 222,1,0
  7125,'1 ',1, 222,  40,     0.000,     0.000,     0.000,     0.000,     0.000,     0.000, 222,1,0
  7126,'1 ',1, 222,  40,     0.000,     0.000,     0.000,     0.000,     0.000,     0.000, 222,1,0
  7212,'1 ',1, 222,  40,     0.000,     0.000,     0.000,     0.000,     0.000,     0.000, 222,1,0
  7192,'1 ',1, 222,  40,     0.000,     0.000,     0.000,     0.000,     0.000,     0.000, 222,1,0
  7101,'1 ',1, 222,  24,     0.000,     0.000,     0.000,     0.000,     0.000,     0.000, 222,1,0
  7100,'1 ',1, 222,  24,     0.000,     0.000,     0.000,     0.000,     0.000,     0.000, 222,1,0
  3345,'1 ',1, 222,   1,     8.500,     5.851,     0.000,     0.000,     0.000,     0.000, 222,1,0
  8119,'1 ',1, 222,   1,     0.000,     0.000,     0.000,     0.000,     0.000,     0.000, 222,1,0
  8120,'1 ',1, 222,   1,     0.000,     0.000,     0.000,     0.000,     0.000,     0.000, 222,1,0
  7105,'1 ',1, 222,   4,     0.000,     0.000,     0.000,     0.000,     0.000,     0.000, 222,1,0
  7104,'1 ',1, 222,   4,     0.000,     0.000,     0.000,     0.000,     0.000,     0.000, 222,1,0
  3019,'1 ',1, 222,   1,   107.700,     8.777,     0.000,     0.000,     0.000,     0.000, 222,1,0
  3020,'1 ',1, 222,   1,   112.000,     9.152,     0.000,     0.000,     0.000,     0.000, 222,1,0
750266,'1 ',1, 222,   1,     0.000,     0.000,     0.000,     0.000,     0.000,     0.000, 222,1,0
750265,'1 ',1, 222,   1,     0.000,     0.000,     0.000,     0.000,     0.000,     0.000, 222,1,0
  3107,'1 ',1, 222,  14,     0.000,     0.000,     0.000,     0.000,     0.000,     0.000, 222,1,0
750253,'1 ',1, 222,  14,     0.000,     0.000,     0.000,     0.000,     0.000,     0.000, 222,1,0
  1008,'1 ',1, 222,   1,   116.700,    16.125,     0.000,     0.000,     0.000,     0.000, 222,1,0
  1033,'1 ',1, 222,   1,    88.000,    12.191,     0.000,     0.000,     0.000,     0.000, 222,1,0
  3466,'1 ',1, 222,  23,     0.000,     0.000,     0.000,     0.000,     0.000,     0.000, 222,1,0
  1941,'1 ',1, 222,  23,     0.000,     0.000,     0.000,     0.000,     0.000,     0.000, 222,1,0
  3390,'1 ',1, 222,  24,    13.600,     8.321,     0.000,     0.000,     0.000,     0.000, 222,1,0
  1083,'1 ',1, 222,  24,    13.600,     8.321,     0.000,     0.000,     0.000,     0.000, 222,1,0
  7064,'1 ',1, 222,  14,     0.000,     0.000,     0.000,     0.000,     0.000,     0.000, 222,1,0
  7017,'1 ',1, 222,  14,     0.000,     0.000,     0.000,     0.000,     0.000,     0.000, 222,1,0
   852,'1 ',1, 222,   4,    13.600,     4.821,     0.000,     0.000,     0.000,     0.000, 222,1,0
  7098,'1 ',1, 222,   2,     0.000,     0.000,     0.000,     0.000,     0.000,     0.000, 222,1,0
  7099,'1 ',1, 222,   2,     0.000,     0.000,     0.000,     0.000,     0.000,     0.000, 222,1,0
750327,'1 ',1, 222,   2,   112.900,    27.947,     0.000,     0.000,     0.000,     0.000, 222,1,0
750334,'1 ',1, 222,   2,    60.300,    20.251,     0.000,     0.000,     0.000,     0.000, 222,1,0
750330,'1 ',1, 222,   2,    29.700,    10.028,     0.000,     0.000,     0.000,     0.000, 222,1,0
  3294,'1 ',1, 222,  12,     0.000,     0.000,     0.000,     0.000,     0.000,     0.000, 222,1,0
750244,'1 ',1, 222,  12,     0.000,     0.000,     0.000,     0.000,     0.000,     0.000, 222,1,0
  2776,'1 ',1, 222,  12,     0.000,     0.000,     0.000,     0.000,     0.000,     0.000, 222,1,0
  7768,'1 ',1, 222,   1,   111.400,    52.755,     0.000,     0.000,     0.000,     0.000, 222,1,0
  7762,'1 ',1, 222,   1,   107.000,    50.681,     0.000,     0.000,     0.000,     0.000, 222,1,0
  7087,'1 ',1, 222,   3,    14.800,     0.614,     0.000,     0.000,     0.000,     0.000, 222,1,0
  7088,'1 ',1, 222,   3,    23.200,     0.966,     0.000,     0.000,     0.000,     0.000, 222,1,0
750298,'1 ',1, 222,   3,    40.500,    -3.934,     0.000,     0.000,     0.000,     0.000, 222,1,0
750299,'1 ',1, 222,   3,    40.500,    -3.934,     0.000,     0.000,     0.000,     0.000, 222,1,0
  7084,'1 ',1, 222,  24,     0.000,     0.000,     0.000,     0.000,     0.000,     0.000, 222,1,0
  7000,'1 ',1, 222,  24,     0.000,     0.000,     0.000,     0.000,     0.000,     0.000, 222,1,0
  5209,'1 ',1, 222,   4,    27.200,    17.243,     0.000,     0.000,     0.000,     0.000, 222,1,0
750399,'1 ',1, 222,  23,    27.000,     6.244,     0.000,     0.000,     0.000,     0.000, 222,1,0
   843,'1 ',1, 222,  23,    35.700,     8.193,     0.000,     0.000,     0.000,     0.000, 222,1,0
  3287,'1 ',1, 222,  23,    38.600,    13.877,     0.000,     0.000,     0.000,     0.000, 222,1,0
  3298,'1 ',1, 222,  23,    31.600,    11.317,     0.000,     0.000,     0.000,     0.000, 222,1,0
   938,'1 ',1, 222,  23,   144.500,    25.364,     0.000,     0.000,     0.000,     0.000, 222,1,0
   830,'1 ',1, 222,  23,     0.000,     0.000,     0.000,     0.000,     0.000,     0.000, 222,1,0
  7186,'1 ',1, 222,  40,     2.600,     1.685,     0.000,     0.000,     0.000,     0.000, 222,1,0
  7185,'1 ',1, 222,  40,     2.600,     1.685,     0.000,     0.000,     0.000,     0.000, 222,1,0
  7120,'1 ',1, 222,   3,    16.400,    -2.095,     0.000,     0.000,     0.000,     0.000, 222,1,0
  7093,'1 ',1, 222,   3,    16.400,    -2.095,     0.000,     0.000,     0.000,     0.000, 222,1,0
  7014,'1 ',1, 222,  23,     0.000,     0.000,     0.000,     0.000,     0.000,     0.000, 222,1,0
  7012,'1 ',1, 222,  23,     0.000,     0.000,     0.000,     0.000,     0.000,     0.000, 222,1,0
  1076,'1 ',1, 222,   2,    21.600,    11.975,     0.000,     0.000,     0.000,     0.000, 222,1,0
  1076,'2 ',1, 222,   2,    28.600,    15.834,     0.000,     0.000,     0.000,     0.000, 222,1,0
  3334,'1 ',1, 222,   2,    32.600,    13.711,     0.000,     0.000,     0.000,     0.000, 222,1,0
  3333,'1 ',1, 222,   2,    31.300,    13.219,     0.000,     0.000,     0.000,     0.000, 222,1,0
  7004,'1 ',1, 222,   2,     0.000,     0.000,     0.000,     0.000,     0.000,     0.000, 222,1,0
  7003,'1 ',1, 222,   2,     0.000,     0.000,     0.000,     0.000,     0.000,     0.000, 222,1,0
  7037,'1 ',1, 222,  14,    25.400,     3.853,     0.000,     0.000,     0.000,     0.000, 222,1,0
750317,'1 ',1, 222,  14,    45.100,     6.939,     0.000,     0.000,     0.000,     0.000, 222,1,0
  7076,'1 ',1, 222,  40,     0.000,     0.000,     0.000,     0.000,     0.000,     0.000, 222,1,0
  7075,'1 ',1, 222,  40,     0.000,     0.000,     0.000,     0.000,     0.000,     0.000, 222,1,0
  7158,'1 ',1, 222,   4,     6.300,     3.864,     0.000,     0.000,     0.000,     0.000, 222,1,0
  7191,'1 ',1, 222,  40,     0.000,     0.000,     0.000,     0.000,     0.000,     0.000, 222,1,0
  7189,'1 ',1, 222,  40,     0.000,     0.000,     0.000,     0.000,     0.000,     0.000, 222,1,0
  3207,'1 ',1, 222,  14,     0.000,     0.000,     0.000,     0.000,     0.000,     0.000, 222,1,0
  3131,'1 ',1, 222,  14,     0.000,     0.000,     0.000,     0.000,     0.000,     0.000, 222,1,0
  4009,'1 ',1, 222,  40,     5.800,     3.766,     0.000,     0.000,     0.000,     0.000, 222,1,0
  4008,'1 ',1, 222,  40,     5.800,     3.766,     0.000,     0.000,     0.000,     0.000, 222,1,0
  3270,'1 ',1, 222,   4,    34.000,     5.503,     0.000,     0.000,     0.000,     0.000, 222,1,0
  3272,'1 ',1, 222,   4,    36.800,     5.887,     0.000,     0.000,     0.000,     0.000, 222,1,0
750375,'1 ',1, 222,  12,   258.000,    45.907,     0.000,     0.000,     0.000,     0.000, 222,1,0
   975,'1 ',1, 222,   3,    68.400,    -2.196,     0.000,     0.000,     0.000,     0.000, 222,1,0
  3204,'1 ',1, 222,  23,     0.000,     0.000,     0.000,     0.000,     0.000,     0.000, 222,1,0
   879,'1 ',1, 222,  23,     0.000,     0.000,     0.000,     0.000,     0.000,     0.000, 222,1,0
750312,'1 ',1, 222,  12,    26.400,     9.847,     0.000,     0.000,     0.000,     0.000, 222,1,0
750313,'1 ',1, 222,  12,    26.400,     9.847,     0.000,     0.000,     0.000,     0.000, 222,1,0
750312,'2 ',1, 222,  12,    26.400,     9.847,     0.000,     0.000,     0.000,     0.000, 222,1,0
750313,'2 ',1, 222,  12,    26.400,     9.847,     0.000,     0.000,     0.000,     0.000, 222,1,0
  1059,'1 ',1, 222,   3,    36.800,     3.187,     0.000,     0.000,     0.000,     0.000, 222,1,0
  3761,'1 ',1, 222,  40,     0.000,     0.000,     0.000,     0.000,     0.000,     0.000, 222,1,0
  1085,'1 ',1, 222,   3,     0.000,     0.000,     0.000,     0.000,     0.000,     0.000, 222,1,0
  1087,'1 ',1, 222,   3,     0.000,     0.000,     0.000,     0.000,     0.000,     0.000, 222,1,0
  3245,'1 ',1, 222,  24,    34.400,    11.201,     0.000,     0.000,     0.000,     0.000, 222,1,0
  3244,'1 ',1, 222,  24,    30.500,     9.923,     0.000,     0.000,     0.000,     0.000, 222,1,0
  7083,'1 ',1, 222,   2,     0.000,     0.000,     0.000,     0.000,     0.000,     0.000, 222,1,0
  7082,'1 ',1, 222,   2,     0.000,     0.000,     0.000,     0.000,     0.000,     0.000, 222,1,0
  7070,'2 ',1, 222,  14,    42.600,     8.453,     0.000,     0.000,     0.000,     0.000, 222,1,0
  7071,'1 ',1, 222,  14,    46.100,     9.233,     0.000,     0.000,     0.000,     0.000, 222,1,0
750293,'1 ',1, 222,   3,   140.500,    21.087,     0.000,     0.000,     0.000,     0.000, 222,1,0
750337,'1 ',1, 222,   2,    83.100,    36.019,     0.000,     0.000,     0.000,     0.000, 222,1,0
750045,'1 ',1, 222,   2,    79.800,    34.638,     0.000,     0.000,     0.000,     0.000, 222,1,0
  3344,'1 ',1, 222,   4,     0.000,     0.000,     0.000,     0.000,     0.000,     0.000, 222,1,0
  3404,'1 ',1, 222,   4,     0.000,     0.000,     0.000,     0.000,     0.000,     0.000, 222,1,0
  3241,'1 ',1, 222,   2,    21.100,     5.278,     0.000,     0.000,     0.000,     0.000, 222,1,0
  3239,'1 ',1, 222,   2,    25.800,     6.451,     0.000,     0.000,     0.000,     0.000, 222,1,0
  3186,'1 ',1, 222,  20,    14.500,     7.716,     0.000,     0.000,     0.000,     0.000, 222,1,0
  3190,'1 ',1, 222,  20,    14.500,     7.716,     0.000,     0.000,     0.000,     0.000, 222,1,0
  3305,'1 ',1, 222,  14,    27.100,     3.043,     0.000,     0.000,     0.000,     0.000, 222,1,0
  3303,'1 ',1, 222,  14,    33.100,     3.708,     0.000,     0.000,     0.000,     0.000, 222,1,0
 30015,'1 ',1, 222,   3,    15.700,     2.409,     0.000,     0.000,     0.000,     0.000, 222,1,0
  3452,'1 ',1, 222,   2,     0.000,     0.000,     0.000,     0.000,     0.000,     0.000, 222,1,0
  3453,'1 ',1, 222,   2,     0.000,     0.000,     0.000,     0.000,     0.000,     0.000, 222,1,0
  3051,'1 ',1, 222,  30,     6.200,     4.064,     0.000,     0.000,     0.000,     0.000, 222,1,0
  3050,'1 ',1, 222,  30,     6.200,     4.064,     0.000,     0.000,     0.000,     0.000, 222,1,0
  3299,'1 ',1, 222,  23,    32.100,     6.214,     0.000,     0.000,     0.000,     0.000, 222,1,0
  3335,'1 ',1, 222,  23,    28.500,     5.535,     0.000,     0.000,     0.000,     0.000, 222,1,0
  1773,'1 ',1, 222,  12,    28.000,    12.638,     0.000,     0.000,     0.000,     0.000, 222,1,0
  1775,'1 ',1, 222,  12,    28.000,    12.638,     0.000,     0.000,     0.000,     0.000, 222,1,0
  1774,'1 ',1, 222,  12,    33.600,    15.106,     0.000,     0.000,     0.000,     0.000, 222,1,0
  1776,'1 ',1, 222,  12,    22.400,    10.070,     0.000,     0.000,     0.000,     0.000, 222,1,0
  7213,'1 ',1, 222,   3,    40.400,     8.766,     0.000,     0.000,     0.000,     0.000, 222,1,0
  3216,'1 ',1, 222,   3,    31.800,     6.916,     0.000,     0.000,     0.000,     0.000, 222,1,0
  7041,'1 ',1, 222,  14,    25.300,     9.854,     0.000,     0.000,     0.000,     0.000, 222,1,0
  7042,'1 ',1, 222,  14,    41.300,    16.061,     0.000,     0.000,     0.000,     0.000, 222,1,0
  3132,'1 ',1, 222,  14,     0.000,     0.000,     0.000,     0.000,     0.000,     0.000, 222,1,0
  3133,'1 ',1, 222,  14,     0.000,     0.000,     0.000,     0.000,     0.000,     0.000, 222,1,0
  3205,'1 ',1, 222,  14,     0.000,     0.000,     0.000,     0.000,     0.000,     0.000, 222,1,0
  3206,'1 ',1, 222,  14,     0.000,     0.000,     0.000,     0.000,     0.000,     0.000, 222,1,0
750379,'1 ',1, 222,  14,    46.700,    17.630,     0.000,     0.000,     0.000,     0.000, 222,1,0
750338,'1 ',1, 222,  12,   165.800,    53.940,     0.000,     0.000,     0.000,     0.000, 222,1,0
750406,'1 ',1, 222,   2,    31.700,    -7.183,     0.000,     0.000,     0.000,     0.000, 222,1,0
  3266,'1 ',1, 222,   4,    41.800,    19.458,     0.000,     0.000,     0.000,     0.000, 222,1,0
  3267,'1 ',1, 222,   4,    45.300,    21.138,     0.000,     0.000,     0.000,     0.000, 222,1,0
  3103,'1 ',1, 222,   4,    38.300,    17.878,     0.000,     0.000,     0.000,     0.000, 222,1,0
  3519,'1 ',1, 222,   4,    47.000,    21.928,     0.000,     0.000,     0.000,     0.000, 222,1,0
  3337,'1 ',1, 222,   2,     0.000,     0.000,     0.000,     0.000,     0.000,     0.000, 222,1,0
  3336,'1 ',1, 222,   2,     0.000,     0.000,     0.000,     0.000,     0.000,     0.000, 222,1,0
  3534,'1 ',1, 222,   4,    39.300,    22.873,     0.000,     0.000,     0.000,     0.000, 222,1,0
750330,'2 ',1, 222,   2,    27.100,     6.343,     0.000,     0.000,     0.000,     0.000, 222,1,0
  3053,'1 ',1, 222,   2,    24.100,     5.561,     0.000,     0.000,     0.000,     0.000, 222,1,0
  7206,'1 ',1, 222,   1,    98.100,    23.432,     0.000,     0.000,     0.000,     0.000, 222,1,0
  7202,'1 ',1, 222,   1,    98.100,    23.432,     0.000,     0.000,     0.000,     0.000, 222,1,0
   859,'1 ',1, 222,  23,    26.500,    10.147,     0.000,     0.000,     0.000,     0.000, 222,1,0
   882,'1 ',1, 222,  23,    35.100,    13.397,     0.000,     0.000,     0.000,     0.000, 222,1,0
750409,'1 ',1, 222,   2,    10.000,    -2.258,     0.000,     0.000,     0.000,     0.000, 222,1,0
  8116,'1 ',1, 222,   1,    38.100,     9.180,     0.000,     0.000,     0.000,     0.000, 222,1,0
  8117,'1 ',1, 222,   1,    36.500,     8.889,     0.000,     0.000,     0.000,     0.000, 222,1,0
  8115,'1 ',1, 222,   1,    38.100,     9.180,     0.000,     0.000,     0.000,     0.000, 222,1,0
  8118,'1 ',1, 222,   1,    38.100,     9.180,     0.000,     0.000,     0.000,     0.000, 222,1,0
  3008,'1 ',1, 222,  40,     0.000,     0.000,     0.000,     0.000,     0.000,     0.000, 222,1,0
  3255,'1 ',1, 222,  40,     0.000,     0.000,     0.000,     0.000,     0.000,     0.000, 222,1,0
  7025,'1 ',1, 222,  40,     0.000,     0.000,     0.000,     0.000,     0.000,     0.000, 222,1,0
  7016,'1 ',1, 222,  40,     0.000,     0.000,     0.000,     0.000,     0.000,     0.000, 222,1,0
  3174,'1 ',1, 222,  40,     0.000,     0.000,     0.000,     0.000,     0.000,     0.000, 222,1,0
  3175,'1 ',1, 222,  40,     0.000,     0.000,     0.000,     0.000,     0.000,     0.000, 222,1,0
   916,'1 ',1, 222,   2,    82.700,    18.921,     0.000,     0.000,     0.000,     0.000, 222,1,0
   919,'1 ',1, 222,   2,    38.900,     8.875,     0.000,     0.000,     0.000,     0.000, 222,1,0
750364,'1 ',1, 222,   1,    80.200,    -0.164,     0.000,     0.000,     0.000,     0.000, 222,1,0
  5079,'1 ',1, 222,   1,    86.900,    -0.203,     0.000,     0.000,     0.000,     0.000, 222,1,0
750286,'1 ',1, 222,   4,     0.000,     0.000,     0.000,     0.000,     0.000,     0.000, 222,1,0
750285,'1 ',1, 222,   4,     0.000,     0.000,     0.000,     0.000,     0.000,     0.000, 222,1,0
  7074,'1 ',1, 222,  40,     0.000,     0.000,     0.000,     0.000,     0.000,     0.000, 222,1,0
  7089,'1 ',1, 222,   4,     0.000,     0.000,     0.000,     0.000,     0.000,     0.000, 222,1,0
  7090,'1 ',1, 222,   4,     0.000,     0.000,     0.000,     0.000,     0.000,     0.000, 222,1,0
  1042,'1 ',1, 222,   4,     0.000,     0.000,     0.000,     0.000,     0.000,     0.000, 222,1,0
  1043,'1 ',1, 222,   4,     0.000,     0.000,     0.000,     0.000,     0.000,     0.000, 222,1,0
  7092,'1 ',1, 222,   4,    35.700,    10.293,     0.000,     0.000,     0.000,     0.000, 222,1,0
  7091,'1 ',1, 222,   4,    33.000,     9.509,     0.000,     0.000,     0.000,     0.000, 222,1,0
  9018,'1 ',1, 222,   1,    83.600,    21.016,     0.000,     0.000,     0.000,     0.000, 222,1,0
  9014,'1 ',1, 222,   1,    77.200,    19.353,     0.000,     0.000,     0.000,     0.000, 222,1,0
  6613,'2 ',1, 222,  24,     0.000,     0.000,     0.000,     0.000,     0.000,     0.000, 222,1,0
 30001,'1 ',1, 222,  24,     0.000,     0.000,     0.000,     0.000,     0.000,     0.000, 222,1,0
  3468,'1 ',1, 222,   2,    30.100,    11.826,     0.000,     0.000,     0.000,     0.000, 222,1,0
  3467,'1 ',1, 222,   2,    14.800,     5.814,     0.000,     0.000,     0.000,     0.000, 222,1,0
  3412,'1 ',1, 222,   2,     0.000,     0.000,     0.000,     0.000,     0.000,     0.000, 222,1,0
  3413,'1 ',1, 222,   2,     0.000,     0.000,     0.000,     0.000,     0.000,     0.000, 222,1,0
  3183,'1 ',1, 222,   2,     0.000,     0.000,     0.000,     0.000,     0.000,     0.000, 222,1,0
  3184,'1 ',1, 222,   2,     0.000,     0.000,     0.000,     0.000,     0.000,     0.000, 222,1,0
  1009,'1 ',1, 222,   3,    14.700,     2.715,     0.000,     0.000,     0.000,     0.000, 222,1,0
  3409,'1 ',1, 222,   2,    23.500,    10.164,     0.000,     0.000,     0.000,     0.000, 222,1,0
  3408,'1 ',1, 222,   2,    28.800,    12.333,     0.000,     0.000,     0.000,     0.000, 222,1,0
  3306,'1 ',1, 222,  14,    32.800,     7.810,     0.000,     0.000,     0.000,     0.000, 222,1,0
  3407,'1 ',1, 222,  14,    37.000,     8.786,     0.000,     0.000,     0.000,     0.000, 222,1,0
  1767,'1 ',1, 222,   1,    38.700,     4.276,     0.000,     0.000,     0.000,     0.000, 222,1,0
  1766,'1 ',1, 222,   1,    35.700,     3.993,     0.000,     0.000,     0.000,     0.000, 222,1,0
  1768,'1 ',1, 222,   1,    38.700,     4.276,     0.000,     0.000,     0.000,     0.000, 222,1,0
  1760,'1 ',1, 222,   1,    35.700,     3.993,     0.000,     0.000,     0.000,     0.000, 222,1,0
  7026,'71',1, 222,   4,     2.000,     1.000,     0.000,     0.000,     0.000,     0.000, 222,0,0
  3289,'1 ',1, 222,   2,     0.000,     0.000,     0.000,     0.000,     0.000,     0.000, 222,1,0
  3288,'1 ',1, 222,   2,    31.200,    10.719,     0.000,     0.000,     0.000,     0.000, 222,1,0
  9179,'1 ',1, 222,   3,     0.000,     0.000,     0.000,     0.000,     0.000,     0.000, 222,1,0
  7107,'1 ',1, 222,   3,    42.100,    -3.244,     0.000,     0.000,     0.000,     0.000, 222,1,0
   925,'1 ',1, 222,   2,     0.000,     0.000,     0.000,     0.000,     0.000,     0.000, 222,1,0
   905,'1 ',1, 222,   2,     0.000,     0.000,     0.000,     0.000,     0.000,     0.000, 222,1,0
   836,'1 ',1, 222,  24,     0.000,     0.000,     0.000,     0.000,     0.000,     0.000, 222,1,0
   838,'1 ',1, 222,  24,     0.000,     0.000,     0.000,     0.000,     0.000,     0.000, 222,1,0
  2788,'1 ',1, 222,   2,     0.000,     0.000,     0.000,     0.000,     0.000,     0.000, 222,1,0
  2791,'1 ',1, 222,   2,     0.000,     0.000,     0.000,     0.000,     0.000,     0.000, 222,1,0
  2005,'1 ',1, 222,   1,    94.900,    36.451,     0.000,     0.000,     0.000,     0.000, 222,1,0
  2005,'2 ',1, 222,   1,    74.500,    28.569,     0.000,     0.000,     0.000,     0.000, 222,1,0
  7111,'1 ',1, 222,  23,     0.000,     0.000,     0.000,     0.000,     0.000,     0.000, 222,1,0
  7110,'1 ',1, 222,  23,     0.000,     0.000,     0.000,     0.000,     0.000,     0.000, 222,1,0
  3116,'1 ',1, 222,   3,    42.000,     6.857,     0.000,     0.000,     0.000,     0.000, 222,1,0
750268,'1 ',1, 222,   4,    62.400,    18.639,     0.000,     0.000,     0.000,     0.000, 222,1,0
750269,'1 ',1, 222,   4,    87.400,    19.194,     0.000,     0.000,     0.000,     0.000, 222,1,0
  8002,'1 ',1, 222,   4,     0.000,     0.000,     0.000,     0.000,     0.000,     0.000, 222,1,0
  8022,'1 ',1, 222,   4,     0.000,     0.000,     0.000,     0.000,     0.000,     0.000, 222,1,0
750315,'1 ',1, 222,  24,    29.900,     6.327,     0.000,     0.000,     0.000,     0.000, 222,1,0
750316,'1 ',1, 222,  24,    36.600,     7.688,     0.000,     0.000,     0.000,     0.000, 222,1,0
  7129,'1 ',1, 222,  23,     0.000,     0.000,     0.000,     0.000,     0.000,     0.000, 222,1,0
  7052,'1 ',1, 222,  23,     0.000,     0.000,     0.000,     0.000,     0.000,     0.000, 222,1,0
  7204,'1 ',1, 222,   1,    70.900,     2.490,     0.000,     0.000,     0.000,     0.000, 222,1,0
  3403,'1 ',1, 222,   1,    73.800,     2.573,     0.000,     0.000,     0.000,     0.000, 222,1,0
  7030,'1 ',1, 222,   3,    29.400,    -5.370,     0.000,     0.000,     0.000,     0.000, 222,1,0
  7133,'1 ',1, 222,  10,     4.800,     2.372,     0.000,     0.000,     0.000,     0.000, 222,1,0
  7132,'1 ',1, 222,  10,     4.800,     2.372,     0.000,     0.000,     0.000,     0.000, 222,1,0
  3394,'1 ',1, 222,  10,    21.600,    11.375,     0.000,     0.000,     0.000,     0.000, 222,1,0
  3395,'1 ',1, 222,  10,    10.600,     5.539,     0.000,     0.000,     0.000,     0.000, 222,1,0
  3392,'1 ',1, 222,  40,     0.000,     0.000,     0.000,     0.000,     0.000,     0.000, 222,1,0
  3393,'1 ',1, 222,  40,     0.000,     0.000,     0.000,     0.000,     0.000,     0.000, 222,1,0
  3355,'1 ',1, 222,   4,    22.000,    -3.127,     0.000,     0.000,     0.000,     0.000, 222,1,0
  3410,'1 ',1, 222,   4,    23.800,     7.762,     0.000,     0.000,     0.000,     0.000, 222,1,0
  3128,'1 ',1, 222,   4,    25.800,     8.351,     0.000,     0.000,     0.000,     0.000, 222,1,0
  2896,'1 ',1, 222,   4,    83.300,    45.418,     0.000,     0.000,     0.000,     0.000, 222,1,0
  2898,'1 ',1, 222,   4,    83.300,    45.418,     0.000,     0.000,     0.000,     0.000, 222,1,0
  7019,'1 ',1, 222,  23,    25.000,    -5.045,     0.000,     0.000,     0.000,     0.000, 222,1,0
  7020,'1 ',1, 222,  23,    34.600,    -6.900,     0.000,     0.000,     0.000,     0.000, 222,1,0
  3285,'1 ',1, 222,   2,    27.700,    10.640,     0.000,     0.000,     0.000,     0.000, 222,1,0
  3286,'1 ',1, 222,   2,    26.600,    10.246,     0.000,     0.000,     0.000,     0.000, 222,1,0
   927,'1 ',1, 222,  23,   269.100,   147.343,     0.000,     0.000,     0.000,     0.000, 222,1,0
  3445,'1 ',1, 222,  23,    18.600,     9.492,     0.000,     0.000,     0.000,     0.000, 222,1,0
  3433,'1 ',1, 222,  23,    18.600,     9.492,     0.000,     0.000,     0.000,     0.000, 222,1,0
  3431,'1 ',1, 222,  24,    14.000,     6.519,     0.000,     0.000,     0.000,     0.000, 222,1,0
  3431,'2 ',1, 222,  23,    14.000,     6.519,     0.000,     0.000,     0.000,     0.000, 222,1,0
  3428,'1 ',1, 222,  24,    13.600,     7.721,     0.000,     0.000,     0.000,     0.000, 222,1,0
  3430,'1 ',1, 222,  24,    13.600,     7.721,     0.000,     0.000,     0.000,     0.000, 222,1,0
  3109,'1 ',1, 222,  24,    52.200,    32.098,     0.000,     0.000,     0.000,     0.000, 222,1,0
750312,'3 ',1, 222,  12,     0.000,     0.000,     0.000,     0.000,     0.000,     0.000, 222,1,0
750313,'3 ',1, 222,  12,     0.000,     0.000,     0.000,     0.000,     0.000,     0.000, 222,1,0
  3517,'1 ',1, 222,   4,    56.900,    15.371,     0.000,     0.000,     0.000,     0.000, 222,1,0
  3509,'1 ',1, 222,   4,    34.900,     9.398,     0.000,     0.000,     0.000,     0.000, 222,1,0
  7010,'1 ',1, 222,   2,    76.500,    31.657,     0.000,     0.000,     0.000,     0.000, 222,1,0
  7009,'1 ',1, 222,   2,    41.200,    17.062,     0.000,     0.000,     0.000,     0.000, 222,1,0
  3269,'1 ',1, 222,  24,     0.000,     0.000,     0.000,     0.000,     0.000,     0.000, 222,1,0
  3268,'1 ',1, 222,  24,     0.000,     0.000,     0.000,     0.000,     0.000,     0.000, 222,1,0
  3238,'1 ',1, 222,   2,    28.300,     3.236,     0.000,     0.000,     0.000,     0.000, 222,1,0
  3236,'1 ',1, 222,   2,    37.600,     4.182,     0.000,     0.000,     0.000,     0.000, 222,1,0
  3114,'1 ',1, 222,  34,     8.400,     3.851,     0.000,     0.000,     0.000,     0.000, 222,1,0
  3311,'1 ',1, 222,  34,    17.900,     3.996,     0.000,     0.000,     0.000,     0.000, 222,1,0
750326,'1 ',1, 222,  12,   131.500,    54.839,     0.000,     0.000,     0.000,     0.000, 222,1,0
  3217,'1 ',1, 222,  23,     0.000,     0.000,     0.000,     0.000,     0.000,     0.000, 222,1,0
  7018,'1 ',1, 222,  23,     0.000,     0.000,     0.000,     0.000,     0.000,     0.000, 222,1,0
  3185,'1 ',1, 222,   2,     0.000,     0.000,     0.000,     0.000,     0.000,     0.000, 222,1,0
  3187,'1 ',1, 222,   2,     0.000,     0.000,     0.000,     0.000,     0.000,     0.000, 222,1,0
  3223,'1 ',1, 222,   2,     0.000,     0.000,     0.000,     0.000,     0.000,     0.000, 222,1,0
  3146,'1 ',1, 222,   2,     0.000,     0.000,     0.000,     0.000,     0.000,     0.000, 222,1,0
  7701,'1 ',1, 222,  40,    12.600,     8.127,     0.000,     0.000,     0.000,     0.000, 222,1,0
  7702,'1 ',1, 222,  40,    13.600,     8.821,     0.000,     0.000,     0.000,     0.000, 222,1,0
   834,'1 ',1, 222,  20,    10.600,     2.839,     0.000,     0.000,     0.000,     0.000, 222,1,0
   835,'1 ',1, 222,  20,    21.500,     5.876,     0.000,     0.000,     0.000,     0.000, 222,1,0
  2776,'2 ',1, 222,  12,   254.200,    55.029,     0.000,     0.000,     0.000,     0.000, 222,1,0
   959,'1 ',1, 222,  12,   250.800,    54.449,     0.000,     0.000,     0.000,     0.000, 222,1,0
  2277,'1 ',1, 222,  40,     1.000,     0.994,     0.000,     0.000,     0.000,     0.000, 222,1,0
   899,'1 ',1, 222,  40,    34.800,    28.899,     0.000,     0.000,     0.000,     0.000, 222,1,0
   898,'1 ',1, 222,  40,     9.300,     7.646,     0.000,     0.000,     0.000,     0.000, 222,1,0
  3273,'1 ',1, 222,  40,    29.600,    25.729,     0.000,     0.000,     0.000,     0.000, 222,1,0
750314,'1 ',1, 222,  12,    98.500,    37.630,     0.000,     0.000,     0.000,     0.000, 222,1,0
  7022,'1 ',1, 222,   2,     0.000,     0.000,     0.000,     0.000,     0.000,     0.000, 222,1,0
  6612,'1 ',1, 222,   2,     0.000,     0.000,     0.000,     0.000,     0.000,     0.000, 222,1,0
  9029,'1 ',1, 222,   1,    85.900,    34.303,     0.000,     0.000,     0.000,     0.000, 222,1,0
  9036,'1 ',1, 222,   1,    82.500,    33.023,     0.000,     0.000,     0.000,     0.000, 222,1,0
  3296,'1 ',1, 222,   2,     0.000,     0.000,     0.000,     0.000,     0.000,     0.000, 222,1,0
  3295,'1 ',1, 222,   2,     0.000,     0.000,     0.000,     0.000,     0.000,     0.000, 222,1,0
  8121,'1 ',1, 222,   1,    36.700,     3.988,     0.000,     0.000,     0.000,     0.000, 222,1,0
  8124,'1 ',1, 222,   1,    41.500,     4.460,     0.000,     0.000,     0.000,     0.000, 222,1,0
  8122,'1 ',1, 222,   1,    36.700,     3.988,     0.000,     0.000,     0.000,     0.000, 222,1,0
  8123,'1 ',1, 222,   1,    43.100,     4.651,     0.000,     0.000,     0.000,     0.000, 222,1,0
  3514,'1 ',1, 222,   4,    26.800,     7.545,     0.000,     0.000,     0.000,     0.000, 222,1,0
  3513,'1 ',1, 222,   4,    30.200,     8.525,     0.000,     0.000,     0.000,     0.000, 222,1,0
  3499,'1 ',1, 222,  23,    62.300,    25.439,     0.000,     0.000,     0.000,     0.000, 222,1,0
  3498,'1 ',1, 222,  23,    62.300,    25.439,     0.000,     0.000,     0.000,     0.000, 222,1,0
  7056,'1 ',1, 222,   2,     0.000,     0.000,     0.000,     0.000,     0.000,     0.000, 222,1,0
  7055,'1 ',1, 222,   2,     0.000,     0.000,     0.000,     0.000,     0.000,     0.000, 222,1,0
  3265,'1 ',1, 222,   4,    29.000,     8.232,     0.000,     0.000,     0.000,     0.000, 222,1,0
  3263,'1 ',1, 222,   4,    16.300,     4.606,     0.000,     0.000,     0.000,     0.000, 222,1,0
  3233,'1 ',1, 222,   4,    23.300,     7.965,     0.000,     0.000,     0.000,     0.000, 222,1,0
  3234,'1 ',1, 222,   4,    26.200,     9.048,     0.000,     0.000,     0.000,     0.000, 222,1,0
  3366,'1 ',1, 222,   3,    11.600,     6.133,     0.000,     0.000,     0.000,     0.000, 222,1,0
  7077,'1 ',1, 222,   3,     9.100,     3.247,     0.000,     0.000,     0.000,     0.000, 222,1,0
  3318,'1 ',1, 222,   3,    21.300,     7.677,     0.000,     0.000,     0.000,     0.000, 222,1,0
  3464,'1 ',1, 222,   4,     0.000,     0.000,     0.000,     0.000,     0.000,     0.000, 222,1,0
  3259,'1 ',1, 222,   4,     0.000,     0.000,     0.000,     0.000,     0.000,     0.000, 222,1,0
  1089,'1 ',1, 222,  23,     0.000,     0.000,     0.000,     0.000,     0.000,     0.000, 222,1,0
  7117,'1 ',1, 222,   2,     0.000,     0.000,     0.000,     0.000,     0.000,     0.000, 222,1,0
  7118,'1 ',1, 222,   2,     0.000,     0.000,     0.000,     0.000,     0.000,     0.000, 222,1,0
  1116,'1 ',1, 222,   4,    72.100,    21.783,     0.000,     0.000,     0.000,     0.000, 222,1,0
750248,'1 ',1, 222,   4,    69.300,    20.899,     0.000,     0.000,     0.000,     0.000, 222,1,0
  3458,'1 ',1, 222,   2,    37.400,     5.284,     0.000,     0.000,     0.000,     0.000, 222,1,0
  3457,'1 ',1, 222,   2,    30.600,     4.323,     0.000,     0.000,     0.000,     0.000, 222,1,0
  1770,'1 ',1, 222,  12,    56.400,    16.374,     0.000,     0.000,     0.000,     0.000, 222,1,0
  1771,'1 ',1, 222,  12,    32.100,     6.114,     0.000,     0.000,     0.000,     0.000, 222,1,0
  1772,'1 ',1, 222,  12,    51.900,    15.700,     0.000,     0.000,     0.000,     0.000, 222,1,0
  1777,'1 ',1, 222,  12,    53.400,    15.591,     0.000,     0.000,     0.000,     0.000, 222,1,0
  3760,'1 ',1, 222,  40,     0.000,     0.000,     0.000,     0.000,     0.000,     0.000, 222,1,0
  3759,'1 ',1, 222,  40,     0.000,     0.000,     0.000,     0.000,     0.000,     0.000, 222,1,0
  7706,'1 ',1, 222,   2,    37.300,    14.084,     0.000,     0.000,     0.000,     0.000, 222,1,0
  7707,'1 ',1, 222,   2,    66.400,    25.116,     0.000,     0.000,     0.000,     0.000, 222,1,0
  3326,'1 ',1, 222,   2,    25.500,     6.452,     0.000,     0.000,     0.000,     0.000, 222,1,0
  3477,'1 ',1, 222,   2,    29.900,     7.627,     0.000,     0.000,     0.000,     0.000, 222,1,0
  3322,'1 ',1, 222,  40,    33.000,    18.409,     0.000,     0.000,     0.000,     0.000, 222,1,0
  3202,'1 ',1, 222,  40,    33.000,    18.409,     0.000,     0.000,     0.000,     0.000, 222,1,0
  5380,'1 ',1, 222,   1,    40.400,     1.766,     0.000,     0.000,     0.000,     0.000, 222,1,0
  5378,'1 ',1, 222,   1,    40.400,     1.766,     0.000,     0.000,     0.000,     0.000, 222,1,0
  5375,'1 ',1, 222,   1,    45.400,     1.937,     0.000,     0.000,     0.000,     0.000, 222,1,0
   853,'1 ',1, 222,   1,    43.700,     1.847,     0.000,     0.000,     0.000,     0.000, 222,1,0
  3264,'1 ',1, 222,   4,    29.300,     6.130,     0.000,     0.000,     0.000,     0.000, 222,1,0
  3262,'1 ',1, 222,   4,    33.000,     6.909,     0.000,     0.000,     0.000,     0.000, 222,1,0
  3759,'2 ',1, 222,  40,     0.000,     0.000,     0.000,     0.000,     0.000,     0.000, 222,1,0
750252,'1 ',1, 222,  30,    11.600,     5.833,     0.000,     0.000,     0.000,     0.000, 222,1,0
750249,'1 ',1, 222,  30,    45.400,    28.937,     0.000,     0.000,     0.000,     0.000, 222,1,0
750303,'1 ',1, 222,   3,     0.000,     0.000,     0.000,     0.000,     0.000,     0.000, 222,1,0
750302,'1 ',1, 222,   3,     0.000,     0.000,     0.000,     0.000,     0.000,     0.000, 222,1,0
  3258,'1 ',1, 222,   4,    32.400,     8.712,     0.000,     0.000,     0.000,     0.000, 222,1,0
  3257,'1 ',1, 222,   4,    28.800,     7.733,     0.000,     0.000,     0.000,     0.000, 222,1,0
  3371,'1 ',1, 222,   2,     0.000,     0.000,     0.000,     0.000,     0.000,     0.000, 222,1,0
  3370,'1 ',1, 222,   2,     0.000,     0.000,     0.000,     0.000,     0.000,     0.000, 222,1,0
  3177,'1 ',1, 222,  24,    32.200,    10.114,     0.000,     0.000,     0.000,     0.000, 222,1,0
  3178,'1 ',1, 222,  24,    32.200,    10.114,     0.000,     0.000,     0.000,     0.000, 222,1,0
  7073,'1 ',1, 222,   3,     0.000,     0.000,     0.000,     0.000,     0.000,     0.000, 222,1,0
  7072,'1 ',1, 222,   3,     0.000,     0.000,     0.000,     0.000,     0.000,     0.000, 222,1,0
  3161,'1 ',1, 222,  12,    52.000,    18.099,     0.000,     0.000,     0.000,     0.000, 222,1,0
  3162,'1 ',1, 222,  12,    56.200,    19.575,     0.000,     0.000,     0.000,     0.000, 222,1,0
   952,'1 ',1, 222,  12,    49.900,    17.411,     0.000,     0.000,     0.000,     0.000, 222,1,0
   945,'1 ',1, 222,  12,    49.900,    17.411,     0.000,     0.000,     0.000,     0.000, 222,1,0
   885,'1 ',1, 222,   2,    35.200,     3.196,     0.000,     0.000,     0.000,     0.000, 222,1,0
750397,'1 ',1, 222,   2,    33.800,     3.104,     0.000,     0.000,     0.000,     0.000, 222,1,0
  3506,'1 ',1, 222,   2,    18.800,     3.591,     0.000,     0.000,     0.000,     0.000, 222,1,0
  3507,'1 ',1, 222,   2,    27.100,     5.243,     0.000,     0.000,     0.000,     0.000, 222,1,0
  2888,'1 ',1, 222,   2,     0.000,     0.000,     0.000,     0.000,     0.000,     0.000, 222,1,0
  2887,'1 ',1, 222,   2,     0.000,     0.000,     0.000,     0.000,     0.000,     0.000, 222,1,0
750391,'1 ',1, 222,   3,    22.400,     8.370,     0.000,     0.000,     0.000,     0.000, 222,1,0
750392,'1 ',1, 222,   3,    27.400,    10.241,     0.000,     0.000,     0.000,     0.000, 222,1,0
  7108,'1 ',1, 222,   3,    33.300,     5.607,     0.000,     0.000,     0.000,     0.000, 222,1,0
  7122,'1 ',1, 222,   3,    34.600,     5.900,     0.000,     0.000,     0.000,     0.000, 222,1,0
  3455,'1 ',1, 222,  14,    13.100,     7.024,     0.000,     0.000,     0.000,     0.000, 222,1,0
  3454,'1 ',1, 222,  14,    14.200,     7.618,     0.000,     0.000,     0.000,     0.000, 222,1,0
  1086,'1 ',1, 222,  23,    17.200,     8.400,     0.000,     0.000,     0.000,     0.000, 222,1,0
  1088,'1 ',1, 222,  23,    16.600,     8.104,     0.000,     0.000,     0.000,     0.000, 222,1,0
  7149,'1 ',1, 222,  34,     0.000,     0.000,     0.000,     0.000,     0.000,     0.000, 222,1,0
  7148,'1 ',1, 222,   3,     0.000,     0.000,     0.000,     0.000,     0.000,     0.000, 222,1,0
  3135,'1 ',1, 222,  14,     0.000,     0.000,     0.000,     0.000,     0.000,     0.000, 222,1,0
  3134,'1 ',1, 222,  14,     0.000,     0.000,     0.000,     0.000,     0.000,     0.000, 222,1,0
  2786,'1 ',1, 222,   4,    23.000,     4.967,     0.000,     0.000,     0.000,     0.000, 222,1,0
  3017,'1 ',1, 222,   4,    31.800,     6.916,     0.000,     0.000,     0.000,     0.000, 222,1,0
  7045,'1 ',1, 222,   2,     0.000,     0.000,     0.000,     0.000,     0.000,     0.000, 222,1,0
  7044,'1 ',1, 222,   2,     0.000,     0.000,     0.000,     0.000,     0.000,     0.000, 222,1,0
  8112,'1 ',1, 222,   1,    31.400,     3.918,     0.000,     0.000,     0.000,     0.000, 222,1,0
  8114,'1 ',1, 222,   1,    32.700,     4.111,     0.000,     0.000,     0.000,     0.000, 222,1,0
  8111,'1 ',1, 222,   1,    31.400,     3.918,     0.000,     0.000,     0.000,     0.000, 222,1,0
  8113,'1 ',1, 222,   1,    34.000,     4.303,     0.000,     0.000,     0.000,     0.000, 222,1,0
  3442,'1 ',1, 222,   4,   138.400,    30.199,     0.000,     0.000,     0.000,     0.000, 222,1,0
998882,'1 ',1, 222,   2,     0.000,     0.000,     0.000,     0.000,     0.000,     0.000, 222,1,0
  7013,'1 ',1, 222,   2,     0.000,     0.000,     0.000,     0.000,     0.000,     0.000, 222,1,0
  7011,'1 ',1, 222,   2,     0.000,     0.000,     0.000,     0.000,     0.000,     0.000, 222,1,0
  7013,'2 ',1, 222,   2,     0.000,     0.000,     0.000,     0.000,     0.000,     0.000, 222,1,0
750349,'1 ',1, 222,   2,     0.000,     0.000,     0.000,     0.000,     0.000,     0.000, 222,1,0
750347,'1 ',1, 222,   2,   100.700,   -10.583,     0.000,     0.000,     0.000,     0.000, 222,1,0
750344,'1 ',1, 222,   2,    95.200,    19.549,     0.000,     0.000,     0.000,     0.000, 222,1,0
  3170,'1 ',1, 222,  14,     0.000,     0.000,     0.000,     0.000,     0.000,     0.000, 222,1,0
  3171,'1 ',1, 222,  14,     0.000,     0.000,     0.000,     0.000,     0.000,     0.000, 222,1,0
  3169,'1 ',1, 222,  10,     0.000,     0.000,     0.000,     0.000,     0.000,     0.000, 222,1,0
  3173,'1 ',1, 222,  10,     0.000,     0.000,     0.000,     0.000,     0.000,     0.000, 222,1,0
750251,'1 ',1, 222,  23,    31.500,     9.618,     0.000,     0.000,     0.000,     0.000, 222,1,0
750250,'1 ',1, 222,  23,    41.800,    12.758,     0.000,     0.000,     0.000,     0.000, 222,1,0
  7103,'1 ',1, 222,  14,     0.000,     0.000,     0.000,     0.000,     0.000,     0.000, 222,1,0
  7102,'1 ',1, 222,  14,     0.000,     0.000,     0.000,     0.000,     0.000,     0.000, 222,1,0
  3462,'1 ',1, 222,   3,    11.600,     3.833,     0.000,     0.000,     0.000,     0.000, 222,1,0
   827,'1 ',1, 222,  23,    35.200,    21.096,     0.000,     0.000,     0.000,     0.000, 222,1,0
   888,'1 ',1, 222,  23,    22.500,    13.470,     0.000,     0.000,     0.000,     0.000, 222,1,0
  2799,'1 ',1, 222,   1,    83.100,    22.919,     0.000,     0.000,     0.000,     0.000, 222,1,0
  2749,'1 ',1, 222,   1,    83.100,    22.919,     0.000,     0.000,     0.000,     0.000, 222,1,0
  5364,'1 ',1, 222,   1,     0.000,     0.000,     0.000,     0.000,     0.000,     0.000, 222,1,0
750348,'1 ',1, 222,   1,     0.000,     0.000,     0.000,     0.000,     0.000,     0.000, 222,1,0
  3385,'1 ',1, 222,   3,    30.600,     4.023,     0.000,     0.000,     0.000,     0.000, 222,1,0
750305,'1 ',1, 222,  30,     4.500,     2.174,     0.000,     0.000,     0.000,     0.000, 222,1,0
  3389,'1 ',1, 222,  30,    20.600,     9.881,     0.000,     0.000,     0.000,     0.000, 222,1,0
  3276,'1 ',1, 222,   3,    43.100,     2.351,     0.000,     0.000,     0.000,     0.000, 222,1,0
  3196,'1 ',1, 222,   4,    61.800,   -20.358,     0.000,     0.000,     0.000,     0.000, 222,1,0
  3282,'1 ',1, 222,   3,    58.400,    19.062,     0.000,     0.000,     0.000,     0.000, 222,1,0
  3021,'1 ',1, 222,   3,    33.400,    13.807,     0.000,     0.000,     0.000,     0.000, 222,1,0
  7078,'1 ',1, 222,   4,     0.000,     0.000,     0.000,     0.000,     0.000,     0.000, 222,1,0
  7079,'1 ',1, 222,   4,     0.000,     0.000,     0.000,     0.000,     0.000,     0.000, 222,1,0
  6610,'1 ',1, 222,  30,     2.100,     0.988,     0.000,     0.000,     0.000,     0.000, 222,1,0
  3144,'1 ',1, 222,   2,     0.000,     0.000,     0.000,     0.000,     0.000,     0.000, 222,1,0
  3527,'1 ',1, 222,   2,     0.000,     0.000,     0.000,     0.000,     0.000,     0.000, 222,1,0
  3528,'1 ',1, 222,   2,     0.000,     0.000,     0.000,     0.000,     0.000,     0.000, 222,1,0
  3143,'1 ',1, 222,   2,     0.000,     0.000,     0.000,     0.000,     0.000,     0.000, 222,1,0
  3035,'1 ',1, 222,  10,     3.200,     1.981,     0.000,     0.000,     0.000,     0.000, 222,1,0
  1123,'1 ',1, 222,   1,   166.200,    95.338,     0.000,     0.000,     0.000,     0.000, 222,1,0
  7089,'2 ',1, 222,  40,     0.000,     0.000,     0.000,     0.000,     0.000,     0.000, 222,1,0
  7090,'2 ',1, 222,  40,     0.000,     0.000,     0.000,     0.000,     0.000,     0.000, 222,1,0
750380,'1 ',1, 222,  14,     0.000,     0.000,     0.000,     0.000,     0.000,     0.000, 222,1,0
  7116,'1 ',1, 222,  14,     0.000,     0.000,     0.000,     0.000,     0.000,     0.000, 222,1,0
750373,'1 ',1, 222,  23,    41.300,    20.161,     0.000,     0.000,     0.000,     0.000, 222,1,0
750257,'1 ',1, 222,  23,    38.200,    18.579,     0.000,     0.000,     0.000,     0.000, 222,1,0
   877,'1 ',1, 222,   1,     0.000,     0.000,     0.000,     0.000,     0.000,     0.000, 222,1,0
   876,'1 ',1, 222,   1,     0.000,     0.000,     0.000,     0.000,     0.000,     0.000, 222,1,0
750296,'1 ',1, 222,   3,    17.900,   -10.604,     0.000,     0.000,     0.000,     0.000, 222,1,0
  1096,'1 ',1, 222,   2,    86.700,    11.498,     0.000,     0.000,     0.000,     0.000, 222,1,0
  1095,'1 ',1, 222,   2,    77.500,    10.552,     0.000,     0.000,     0.000,     0.000, 222,1,0
  3722,'1 ',1, 222,   4,    53.100,    20.093,     0.000,     0.000,     0.000,     0.000, 222,1,0
  3723,'1 ',1, 222,   4,    45.200,    17.138,     0.000,     0.000,     0.000,     0.000, 222,1,0
750256,'1 ',1, 222,   3,     0.000,     0.000,     0.000,     0.000,     0.000,     0.000, 222,1,0
  3329,'1 ',1, 222,  23,     0.000,     0.000,     0.000,     0.000,     0.000,     0.000, 222,1,0
  3330,'1 ',1, 222,  23,     0.000,     0.000,     0.000,     0.000,     0.000,     0.000, 222,1,0
  7095,'1 ',1, 222,   3,    41.200,    -2.938,     0.000,     0.000,     0.000,     0.000, 222,1,0
  7094,'1 ',1, 222,   3,    20.300,    -1.417,     0.000,     0.000,     0.000,     0.000, 222,1,0
  3292,'1 ',1, 222,   2,    31.600,     5.117,     0.000,     0.000,     0.000,     0.000, 222,1,0
  3291,'1 ',1, 222,   2,    29.100,     4.732,     0.000,     0.000,     0.000,     0.000, 222,1,0
750382,'1 ',1, 222,  14,     0.000,     0.000,     0.000,     0.000,     0.000,     0.000, 222,1,0
750384,'1 ',1, 222,  14,     0.000,     0.000,     0.000,     0.000,     0.000,     0.000, 222,1,0
750278,'1 ',1, 222,   4,     0.000,     0.000,     0.000,     0.000,     0.000,     0.000, 222,1,0
750280,'1 ',1, 222,   4,     0.000,     0.000,     0.000,     0.000,     0.000,     0.000, 222,1,0
750202,'1 ',1, 222,  24,    16.600,     6.004,     0.000,     0.000,     0.000,     0.000, 222,1,0
  3465,'1 ',1, 222,  24,    30.800,    11.222,     0.000,     0.000,     0.000,     0.000, 222,1,0
750398,'1 ',1, 222,  23,    36.100,    12.791,     0.000,     0.000,     0.000,     0.000, 222,1,0
    17,'1 ',1, 222,   4,   105.900,     3.487,     0.000,     0.000,     0.000,     0.000, 222,1,0
  3461,'1 ',1, 222,   2,    40.900,    13.563,     0.000,     0.000,     0.000,     0.000, 222,1,0
  3460,'1 ',1, 222,   2,    22.000,     7.273,     0.000,     0.000,     0.000,     0.000, 222,1,0
  3429,'1 ',1, 222,  20,    18.700,    -5.508,     0.000,     0.000,     0.000,     0.000, 222,1,0
  3300,'1 ',1, 222,  20,     0.000,     0.000,     0.000,     0.000,     0.000,     0.000, 222,1,0
  7005,'1 ',1, 222,   4,    33.600,    15.506,     0.000,     0.000,     0.000,     0.000, 222,1,0
  7106,'1 ',1, 222,   4,    23.400,    10.765,     0.000,     0.000,     0.000,     0.000, 222,1,0
  3249,'1 ',1, 222,  24,    34.800,    -6.601,     0.000,     0.000,     0.000,     0.000, 222,1,0
  3250,'1 ',1, 222,  24,    29.600,    -5.671,     0.000,     0.000,     0.000,     0.000, 222,1,0
   848,'1 ',1, 222,  23,    54.100,    19.187,     0.000,     0.000,     0.000,     0.000, 222,1,0
 30004,'1 ',1, 222,  23,    41.500,    -3.840,     0.000,     0.000,     0.000,     0.000, 222,1,0
  3248,'1 ',1, 222,  24,    12.300,     3.629,     0.000,     0.000,     0.000,     0.000, 222,1,0
  3247,'1 ',1, 222,  24,    21.000,     6.278,     0.000,     0.000,     0.000,     0.000, 222,1,0
  1961,'1 ',1, 222,   2,    41.800,    21.358,     0.000,     0.000,     0.000,     0.000, 222,1,0
  1731,'1 ',1, 222,   3,    13.700,     6.121,     0.000,     0.000,     0.000,     0.000, 222,1,0
 13003,'1 ',1, 222,   1,    19.900,     4.885,     0.000,     0.000,     0.000,     0.000, 222,1,0
  3604,'1 ',1, 222,   1,    20.700,     5.080,     0.000,     0.000,     0.000,     0.000, 222,1,0
  3606,'1 ',1, 222,   1,    19.400,     6.788,     0.000,     0.000,     0.000,     0.000, 222,1,0
  1121,'1 ',1, 222,   1,    21.900,     7.673,     0.000,     0.000,     0.000,     0.000, 222,1,0
 13004,'1 ',1, 222,   1,    20.600,     7.181,     0.000,     0.000,     0.000,     0.000, 222,1,0
  3600,'1 ',1, 222,   1,    38.600,     5.877,     0.000,     0.000,     0.000,     0.000, 222,1,0
  3602,'1 ',1, 222,   1,    38.700,     7.576,     0.000,     0.000,     0.000,     0.000, 222,1,0
  3601,'1 ',1, 222,   1,    41.600,     6.959,     0.000,     0.000,     0.000,     0.000, 222,1,0
  1752,'1 ',1, 222,   1,    25.500,     6.852,     0.000,     0.000,     0.000,     0.000, 222,1,0
  1751,'1 ',1, 222,   1,    25.500,     6.852,     0.000,     0.000,     0.000,     0.000, 222,1,0
  1756,'1 ',1, 222,   1,    29.700,     8.028,     0.000,     0.000,     0.000,     0.000, 222,1,0
  1754,'1 ',1, 222,   1,    25.500,     6.852,     0.000,     0.000,     0.000,     0.000, 222,1,0
  3605,'1 ',1, 222,   1,    22.700,     9.669,     0.000,     0.000,     0.000,     0.000, 222,1,0
 13002,'1 ',1, 222,   1,    21.300,     9.077,     0.000,     0.000,     0.000,     0.000, 222,1,0
  4090,'1 ',1, 222,   1,    24.800,    10.556,     0.000,     0.000,     0.000,     0.000, 222,1,0
  1729,'1 ',1, 222,  30,     3.200,     1.581,     0.000,     0.000,     0.000,     0.000, 222,1,0
  1727,'1 ',1, 222,  30,     3.200,     1.581,     0.000,     0.000,     0.000,     0.000, 222,1,0
  3609,'1 ',1, 222,   3,    27.800,     5.439,     0.000,     0.000,     0.000,     0.000, 222,1,0
  3608,'1 ',1, 222,   3,    21.900,     4.273,     0.000,     0.000,     0.000,     0.000, 222,1,0
  3611,'1 ',1, 222,   3,    17.400,     7.199,     0.000,     0.000,     0.000,     0.000, 222,1,0
  1120,'1 ',1, 222,   3,    19.100,     7.889,     0.000,     0.000,     0.000,     0.000, 222,1,0
  3610,'1 ',1, 222,   3,    19.700,     8.186,     0.000,     0.000,     0.000,     0.000, 222,1,0
  3606,'2 ',1, 222,  10,     0.000,     0.000,     0.000,     0.000,     0.000,     0.000, 222,1,0
  1121,'2 ',1, 222,  10,     0.000,     0.000,     0.000,     0.000,     0.000,     0.000, 222,1,0
  1726,'1 ',1, 222,   3,    20.800,     7.480,     0.000,     0.000,     0.000,     0.000, 222,1,0
  1753,'1 ',1, 222,   1,    17.300,     6.400,     0.000,     0.000,     0.000,     0.000, 222,1,0
  1765,'1 ',1, 222,   1,    17.300,     6.400,     0.000,     0.000,     0.000,     0.000, 222,1,0
  1755,'1 ',1, 222,   1,    23.500,     8.664,     0.000,     0.000,     0.000,     0.000, 222,1,0
  1754,'2 ',1, 222,   1,    20.400,     7.582,     0.000,     0.000,     0.000,     0.000, 222,1,0
  1743,'1 ',1, 222,   1,    23.300,     2.865,     0.000,     0.000,     0.000,     0.000, 222,1,0
  1744,'1 ',1, 222,   1,    27.900,     3.439,     0.000,     0.000,     0.000,     0.000, 222,1,0
  1745,'1 ',1, 222,   1,    27.200,     3.343,     0.000,     0.000,     0.000,     0.000, 222,1,0
  2981,'1 ',1, 222,  10,    14.300,     7.517,     0.000,     0.000,     0.000,     0.000, 222,1,0
  2980,'1 ',1, 222,  10,    14.300,     7.517,     0.000,     0.000,     0.000,     0.000, 222,1,0
  5137,'1 ',1, 222,   1,    75.500,    16.463,     0.000,     0.000,     0.000,     0.000, 222,1,0
  5137,'2 ',1, 222,   1,    67.000,    14.512,     0.000,     0.000,     0.000,     0.000, 222,1,0
  2516,'1 ',1, 222,   3,    69.200,    -8.600,     0.000,     0.000,     0.000,     0.000, 222,1,0
  2310,'1 ',1, 222,  14,    78.300,    -4.853,     0.000,     0.000,     0.000,     0.000, 222,1,0
  2311,'1 ',1, 222,  14,    81.500,    -5.072,     0.000,     0.000,     0.000,     0.000, 222,1,0
  2402,'1 ',1, 222,   2,    85.000,    15.408,     0.000,     0.000,     0.000,     0.000, 222,1,0
  2401,'1 ',1, 222,   2,    64.100,    11.629,     0.000,     0.000,     0.000,     0.000, 222,1,0
  3770,'1 ',1, 222,  20,    21.700,    13.274,     0.000,     0.000,     0.000,     0.000, 222,1,0
  4164,'1 ',1, 222,  20,    20.700,    13.280,     0.000,     0.000,     0.000,     0.000, 222,1,0
  2655,'1 ',1, 222,   2,    18.600,    12.892,     0.000,     0.000,     0.000,     0.000, 222,1,0
  2882,'1 ',1, 222,   2,    18.600,    12.892,     0.000,     0.000,     0.000,     0.000, 222,1,0
  2523,'1 ',1, 222,  23,    64.400,     4.327,     0.000,     0.000,     0.000,     0.000, 222,1,0
  2522,'1 ',1, 222,  23,    39.500,     2.671,     0.000,     0.000,     0.000,     0.000, 222,1,0
  4218,'1 ',1, 222,  40,    17.800,    10.997,     0.000,     0.000,     0.000,     0.000,   1,1,0
  2627,'1 ',1, 222,   4,    64.800,     8.825,     0.000,     0.000,     0.000,     0.000, 222,1,0
  2659,'1 ',1, 222,   4,    46.900,     6.429,     0.000,     0.000,     0.000,     0.000, 222,1,0
  4666,'1 ',1, 222,  24,    31.600,     1.217,     0.000,     0.000,     0.000,     0.000, 222,1,0
  4667,'1 ',1, 222,  24,    41.900,     1.658,     0.000,     0.000,     0.000,     0.000, 222,1,0
  2329,'1 ',1, 222,  24,    97.400,    13.336,     0.000,     0.000,     0.000,     0.000, 222,1,0
  2330,'1 ',1, 222,  24,    86.400,    11.800,     0.000,     0.000,     0.000,     0.000, 222,1,0
  4126,'1 ',1, 222,  14,    54.100,     0.687,     0.000,     0.000,     0.000,     0.000, 222,1,0
  4125,'1 ',1, 222,  14,    74.700,     0.968,     0.000,     0.000,     0.000,     0.000, 222,1,0
  4668,'1 ',1, 222,  23,    68.100,     4.606,     0.000,     0.000,     0.000,     0.000, 222,1,0
  4488,'1 ',1, 222,  23,    49.300,     3.315,     0.000,     0.000,     0.000,     0.000, 222,1,0
  4426,'1 ',1, 222,   4,    83.600,     7.916,     0.000,     0.000,     0.000,     0.000, 222,1,0
  4140,'1 ',1, 222,   4,    37.600,     3.582,     0.000,     0.000,     0.000,     0.000, 222,1,0
  2314,'1 ',1, 222,  14,    35.600,    -0.806,     0.000,     0.000,     0.000,     0.000, 222,1,0
  2314,'2 ',1, 222,  14,    38.600,    -0.823,     0.000,     0.000,     0.000,     0.000, 222,1,0
  2313,'1 ',1, 222,  14,    37.100,    -0.815,     0.000,     0.000,     0.000,     0.000, 222,1,0
  2313,'2 ',1, 222,  14,    37.100,    -0.815,     0.000,     0.000,     0.000,     0.000, 222,1,0
  4193,'1 ',1, 222,  14,    57.000,    10.270,     0.000,     0.000,     0.000,     0.000, 222,1,0
  2434,'1 ',1, 222,   2,    85.500,    -1.495,     0.000,     0.000,     0.000,     0.000, 222,1,0
  2433,'1 ',1, 222,   2,    72.900,    -1.322,     0.000,     0.000,     0.000,     0.000, 222,1,0
  4404,'1 ',1, 222,  12,    39.100,     4.374,     0.000,     0.000,     0.000,     0.000, 222,1,0
  4403,'1 ',1, 222,  12,    66.500,     7.515,     0.000,     0.000,     0.000,     0.000, 222,1,0
  2600,'1 ',1, 222,  24,    87.400,    -3.106,     0.000,     0.000,     0.000,     0.000, 222,1,0
  2601,'1 ',1, 222,  24,    74.500,    -2.631,     0.000,     0.000,     0.000,     0.000, 222,1,0
  2429,'1 ',1, 222,   2,    51.800,     7.400,     0.000,     0.000,     0.000,     0.000, 222,1,0
  2430,'1 ',1, 222,   2,    51.800,     7.400,     0.000,     0.000,     0.000,     0.000, 222,1,0
  2570,'1 ',1, 222,  23,    72.100,    -3.617,     0.000,     0.000,     0.000,     0.000, 222,1,0
  2569,'1 ',1, 222,  23,    66.600,    -3.385,     0.000,     0.000,     0.000,     0.000, 222,1,0
  2760,'1 ',1, 222,  23,    80.000,     3.137,     0.000,     0.000,     0.000,     0.000, 222,1,0
  2580,'1 ',1, 222,  23,    62.900,     2.436,     0.000,     0.000,     0.000,     0.000, 222,1,0
  4212,'1 ',1, 222,  40,     1.600,     0.491,     0.000,     0.000,     0.000,     0.000, 222,1,0
  4211,'1 ',1, 222,  40,     1.600,     0.491,     0.000,     0.000,     0.000,     0.000, 222,1,0
  2263,'1 ',1, 222,   3,    45.900,     6.934,     0.000,     0.000,     0.000,     0.000, 222,1,0
  2262,'1 ',1, 222,   3,    44.100,     6.645,     0.000,     0.000,     0.000,     0.000, 222,1,0
  4515,'1 ',1, 222,   2,    75.600,    -4.838,     0.000,     0.000,     0.000,     0.000, 222,1,0
  4223,'1 ',1, 222,   2,    78.700,    -5.055,     0.000,     0.000,     0.000,     0.000, 222,1,0
  4783,'1 ',1, 222,   2,    37.500,     5.683,     0.000,     0.000,     0.000,     0.000, 222,1,0
  4784,'1 ',1, 222,   2,    91.900,    13.868,     0.000,     0.000,     0.000,     0.000, 222,1,0
  4512,'1 ',1, 222,   2,    62.400,     8.939,     0.000,     0.000,     0.000,     0.000, 222,1,0
  4156,'1 ',1, 222,   2,    73.200,    10.576,     0.000,     0.000,     0.000,     0.000, 222,1,0
  2563,'1 ',1, 222,   2,    85.700,    -0.496,     0.000,     0.000,     0.000,     0.000, 222,1,0
  2562,'1 ',1, 222,   2,    89.200,    -0.516,     0.000,     0.000,     0.000,     0.000, 222,1,0
  3414,'1 ',1, 222,   2,    77.000,     0.454,     0.000,     0.000,     0.000,     0.000, 222,1,0
  3415,'1 ',1, 222,   2,    37.900,     0.181,     0.000,     0.000,     0.000,     0.000, 222,1,0
  2560,'1 ',1, 222,   2,    29.700,     4.028,     0.000,     0.000,     0.000,     0.000, 222,1,0
  2561,'1 ',1, 222,   2,    72.800,     9.979,     0.000,     0.000,     0.000,     0.000, 222,1,0
  4339,'1 ',1, 222,  24,    27.600,     3.040,     0.000,     0.000,     0.000,     0.000, 222,1,0
  4452,'1 ',1, 222,  24,    29.000,     3.232,     0.000,     0.000,     0.000,     0.000, 222,1,0
  4338,'1 ',1, 222,  24,    46.500,     5.131,     0.000,     0.000,     0.000,     0.000, 222,1,0
  4797,'1 ',1, 222,  24,    43.600,     4.848,     0.000,     0.000,     0.000,     0.000, 222,1,0
  4450,'1 ',1, 222,   2,    36.600,     0.088,     0.000,     0.000,     0.000,     0.000, 222,1,0
  5098,'1 ',1, 222,   2,    74.200,     0.271,     0.000,     0.000,     0.000,     0.000, 222,1,0
  2375,'1 ',1, 222,  24,    78.300,    -0.453,     0.000,     0.000,     0.000,     0.000,   1,1,0
  2376,'1 ',1, 222,  24,    33.500,    -0.194,     0.000,     0.000,     0.000,     0.000,   1,1,0
  4558,'1 ',1, 222,  23,    34.700,     6.899,     0.000,     0.000,     0.000,     0.000, 222,1,0
  4548,'1 ',1, 222,  23,    61.800,    12.142,     0.000,     0.000,     0.000,     0.000, 222,1,0
  4564,'1 ',1, 222,  40,     1.000,     0.594,     0.000,     0.000,     0.000,     0.000,   1,1,0
  4479,'1 ',1, 222,  23,    42.200,     8.956,     0.000,     0.000,     0.000,     0.000, 222,1,0
  4357,'1 ',1, 222,  23,    37.500,     7.983,     0.000,     0.000,     0.000,     0.000, 222,1,0
  2381,'1 ',1, 222,  12,    71.800,     5.184,     0.000,     0.000,     0.000,     0.000, 222,1,0
  2431,'1 ',1, 222,   2,    85.200,    17.307,     0.000,     0.000,     0.000,     0.000, 222,1,0
  2432,'1 ',1, 222,   2,    54.500,    10.985,     0.000,     0.000,     0.000,     0.000, 222,1,0
  2613,'1 ',1, 222,  12,    75.100,   -20.435,     0.000,     0.000,     0.000,     0.000, 222,1,0
  2612,'1 ',1, 222,  12,    75.100,   -20.435,     0.000,     0.000,     0.000,     0.000, 222,1,0
  2555,'1 ',1, 222,   2,    92.400,    -7.735,     0.000,     0.000,     0.000,     0.000, 222,1,0
  2554,'1 ',1, 222,   2,    35.900,    -3.008,     0.000,     0.000,     0.000,     0.000, 222,1,0
  2409,'1 ',1, 222,   2,    91.500,   -14.530,     0.000,     0.000,     0.000,     0.000, 222,1,0
  2410,'1 ',1, 222,   2,    84.500,   -13.489,     0.000,     0.000,     0.000,     0.000, 222,1,0
  2343,'1 ',1, 222,   4,    81.000,    11.631,     0.000,     0.000,     0.000,     0.000, 222,1,0
750201,'1 ',1, 222,   4,    38.100,     5.480,     0.000,     0.000,     0.000,     0.000, 222,1,0
  2593,'1 ',1, 222,   2,    73.000,    -4.622,     0.000,     0.000,     0.000,     0.000, 222,1,0
  2594,'1 ',1, 222,   2,    82.300,    -5.276,     0.000,     0.000,     0.000,     0.000, 222,1,0
  2418,'1 ',1, 222,   2,    66.600,    -0.385,     0.000,     0.000,     0.000,     0.000, 222,1,0
  2417,'1 ',1, 222,   2,    48.300,    -0.280,     0.000,     0.000,     0.000,     0.000, 222,1,0
  2508,'1 ',1, 222,   3,    68.700,    -9.098,     0.000,     0.000,     0.000,     0.000, 222,1,0
  2509,'1 ',1, 222,   3,    26.700,    -3.555,     0.000,     0.000,     0.000,     0.000, 222,1,0
  2394,'1 ',1, 222,  14,    60.200,     0.752,     0.000,     0.000,     0.000,     0.000, 222,1,0
  2395,'1 ',1, 222,  14,    70.700,     0.891,     0.000,     0.000,     0.000,     0.000, 222,1,0
  4580,'1 ',1, 222,   2,    65.000,    15.024,     0.000,     0.000,     0.000,     0.000, 222,1,0
  4801,'1 ',1, 222,   2,    29.200,     6.731,     0.000,     0.000,     0.000,     0.000, 222,1,0
  2499,'1 ',1, 222,  14,    62.100,    10.141,     0.000,     0.000,     0.000,     0.000, 222,1,0
  2498,'1 ',1, 222,  14,    26.600,     4.346,     0.000,     0.000,     0.000,     0.000, 222,1,0
  4071,'1 ',1, 222,   2,    67.100,   -16.988,     0.000,     0.000,     0.000,     0.000, 222,1,0
  4072,'1 ',1, 222,   2,    78.800,   -19.856,     0.000,     0.000,     0.000,     0.000, 222,1,0
  4253,'1 ',1, 222,   2,    67.800,   -14.192,     0.000,     0.000,     0.000,     0.000, 222,1,0
  4254,'1 ',1, 222,   2,    26.400,    -5.553,     0.000,     0.000,     0.000,     0.000, 222,1,0
  4215,'1 ',1, 222,   4,    79.000,     3.043,     0.000,     0.000,     0.000,     0.000, 222,1,0
  4412,'1 ',1, 222,   4,    96.500,     3.742,     0.000,     0.000,     0.000,     0.000, 222,1,0
  5402,'1 ',1, 222,   2,    42.700,     1.653,     0.000,     0.000,     0.000,     0.000, 222,1,0
  5401,'1 ',1, 222,   2,    49.600,     1.913,     0.000,     0.000,     0.000,     0.000, 222,1,0
  4128,'1 ',1, 222,  14,    96.100,    10.044,     0.000,     0.000,     0.000,     0.000, 222,1,0
  2501,'1 ',1, 222,  14,    41.200,    -0.638,     0.000,     0.000,     0.000,     0.000, 222,1,0
  4107,'1 ',1, 222,   1,   115.100,    -7.966,     0.000,     0.000,     0.000,     0.000, 222,1,0
  4107,'2 ',1, 222,   1,   120.300,    19.604,     0.000,     0.000,     0.000,     0.000, 222,1,0
  2584,'1 ',1, 222,  23,    52.500,     9.796,     0.000,     0.000,     0.000,     0.000, 222,1,0
  2583,'1 ',1, 222,  23,    28.300,     5.236,     0.000,     0.000,     0.000,     0.000, 222,1,0
  2610,'1 ',1, 222,  24,    76.400,    -8.942,     0.000,     0.000,     0.000,     0.000, 222,1,0
  2611,'1 ',1, 222,  24,    86.100,    -9.998,     0.000,     0.000,     0.000,     0.000, 222,1,0
  2415,'1 ',1, 222,   2,    24.800,     0.956,     0.000,     0.000,     0.000,     0.000, 222,1,0
  2416,'1 ',1, 222,   2,    20.700,     0.780,     0.000,     0.000,     0.000,     0.000, 222,1,0
  4158,'1 ',1, 222,   2,    78.700,    -8.555,     0.000,     0.000,     0.000,     0.000, 222,1,0
  4159,'1 ',1, 222,   2,    75.600,    -8.238,     0.000,     0.000,     0.000,     0.000, 222,1,0
  4206,'1 ',1, 222,  23,    37.100,     9.385,     0.000,     0.000,     0.000,     0.000, 222,1,0
  4106,'1 ',1, 222,  23,    43.600,    11.048,     0.000,     0.000,     0.000,     0.000, 222,1,0
  2581,'1 ',1, 222,  23,    64.800,    -3.275,     0.000,     0.000,     0.000,     0.000, 222,1,0
  2582,'1 ',1, 222,  23,    76.000,    -3.840,     0.000,     0.000,     0.000,     0.000, 222,1,0
  2378,'1 ',1, 222,  24,    84.600,     8.810,     0.000,     0.000,     0.000,     0.000,   1,1,0
  2377,'1 ',1, 222,  24,    84.600,     8.810,     0.000,     0.000,     0.000,     0.000,   1,1,0
  2423,'1 ',1, 222,   2,    78.200,     8.847,     0.000,     0.000,     0.000,     0.000, 222,1,0
  2424,'1 ',1, 222,   2,    78.200,     8.847,     0.000,     0.000,     0.000,     0.000, 222,1,0
  4355,'1 ',1, 222,  20,     2.100,     0.988,     0.000,     0.000,     0.000,     0.000, 222,1,0
  2361,'1 ',1, 222,  30,    24.100,    11.361,     0.000,     0.000,     0.000,     0.000, 222,1,0
  2338,'1 ',1, 222,  40,    43.900,    17.046,     0.000,     0.000,     0.000,     0.000,   1,1,0
  2326,'1 ',1, 222,  40,     9.400,     2.646,     0.000,     0.000,     0.000,     0.000,   1,1,0
  4410,'1 ',1, 222,  24,    60.200,     9.852,     0.000,     0.000,     0.000,     0.000,   1,1,0
  4440,'1 ',1, 222,  24,    33.800,     5.504,     0.000,     0.000,     0.000,     0.000,   1,1,0
  2463,'1 ',1, 222,   1,   105.400,    -5.210,     0.000,     0.000,     0.000,     0.000, 222,1,0
  2460,'1 ',1, 222,   1,    97.300,    -4.863,     0.000,     0.000,     0.000,     0.000, 222,1,0
  5450,'1 ',1, 222,   1,   127.700,     4.961,     0.000,     0.000,     0.000,     0.000, 222,1,0
  4378,'1 ',1, 222,  40,    27.200,    11.443,     0.000,     0.000,     0.000,     0.000,   1,1,0
  4037,'1 ',1, 222,  14,    29.300,     8.630,     0.000,     0.000,     0.000,     0.000, 222,1,0
  4039,'1 ',1, 222,  14,    52.000,    15.299,     0.000,     0.000,     0.000,     0.000, 222,1,0
  4040,'1 ',1, 222,  14,    57.600,     3.267,     0.000,     0.000,     0.000,     0.000, 222,1,0
  4042,'1 ',1, 222,  14,    55.300,     3.180,     0.000,     0.000,     0.000,     0.000, 222,1,0
  2542,'1 ',1, 222,   2,    80.200,   -14.464,     0.000,     0.000,     0.000,     0.000, 222,1,0
  2543,'1 ',1, 222,   2,    74.000,   -13.428,     0.000,     0.000,     0.000,     0.000, 222,1,0
  5457,'1 ',1, 222,  40,     6.300,     3.864,     0.000,     0.000,     0.000,     0.000,   1,1,0
  2321,'1 ',1, 222,   4,    34.500,     5.800,     0.000,     0.000,     0.000,     0.000,   1,1,0
  2028,'1 ',1, 222,  20,    70.800,    34.090,     0.000,     0.000,     0.000,     0.000, 222,1,0
  2027,'1 ',1, 222,  20,    47.200,    22.727,     0.000,     0.000,     0.000,     0.000, 222,1,0
  1806,'1 ',1, 222,  14,    48.000,    11.522,     0.000,     0.000,     0.000,     0.000, 222,1,0
  1858,'1 ',1, 222,  24,   120.100,    -0.195,     0.000,     0.000,     0.000,     0.000, 222,1,0
  1854,'1 ',1, 222,  24,    63.300,    -0.366,     0.000,     0.000,     0.000,     0.000, 222,1,0
  1852,'1 ',1, 222,  24,   134.500,    -0.778,     0.000,     0.000,     0.000,     0.000, 222,1,0
  1830,'1 ',1, 222,  23,    85.000,     2.808,     0.000,     0.000,     0.000,     0.000, 222,1,0
  1810,'1 ',1, 222,  14,    71.000,     9.189,     0.000,     0.000,     0.000,     0.000, 222,1,0
  2023,'1 ',1, 222,   2,    38.300,    10.078,     0.000,     0.000,     0.000,     0.000, 222,1,0
  1802,'1 ',1, 222,  14,    97.900,    10.233,     0.000,     0.000,     0.000,     0.000, 222,1,0
  1817,'1 ',1, 222,  14,    50.400,     5.208,     0.000,     0.000,     0.000,     0.000, 222,1,0
  1880,'1 ',1, 222,  23,    83.900,     3.314,     0.000,     0.000,     0.000,     0.000, 222,1,0
  2022,'1 ',1, 222,  23,    47.200,     1.827,     0.000,     0.000,     0.000,     0.000, 222,1,0
  1866,'1 ',1, 222,   2,    93.200,    -0.539,     0.000,     0.000,     0.000,     0.000, 222,1,0
  1868,'1 ',1, 222,   2,    56.900,    -0.329,     0.000,     0.000,     0.000,     0.000, 222,1,0
  1824,'1 ',1, 222,  14,    63.700,    12.531,     0.000,     0.000,     0.000,     0.000, 222,1,0
  2878,'1 ',1, 222,  40,    18.200,    17.395,     0.000,     0.000,     0.000,     0.000, 222,1,0
  2877,'1 ',1, 222,  40,     9.000,     8.548,     0.000,     0.000,     0.000,     0.000, 222,1,0
  1883,'1 ',1, 222,   2,   103.500,   -28.999,     0.000,     0.000,     0.000,     0.000, 222,1,0
  1934,'1 ',1, 222,  24,   108.600,     6.272,     0.000,     0.000,     0.000,     0.000, 222,1,0
  1930,'1 ',1, 222,   2,    36.300,     0.190,     0.000,     0.000,     0.000,     0.000, 222,1,0
  1929,'1 ',1, 222,   2,    70.400,     0.393,     0.000,     0.000,     0.000,     0.000, 222,1,0
  1994,'1 ',1, 222,  23,    87.800,    -2.708,     0.000,     0.000,     0.000,     0.000, 222,1,0
  1831,'1 ',1, 222,  23,    74.800,    -2.333,     0.000,     0.000,     0.000,     0.000, 222,1,0
  6602,'1 ',1, 222,   4,    65.800,    -4.481,     0.000,     0.000,     0.000,     0.000, 222,1,0
  1861,'1 ',1, 222,  24,   142.000,    44.378,     0.000,     0.000,     0.000,     0.000, 222,1,0
  1886,'1 ',1, 222,  23,   104.900,    10.893,     0.000,     0.000,     0.000,     0.000, 222,1,0
  1924,'1 ',1, 222,  23,    52.800,    -0.306,     0.000,     0.000,     0.000,     0.000, 222,1,0
  1822,'1 ',1, 222,  40,    58.500,    27.961,     0.000,     0.000,     0.000,     0.000, 222,1,0
  1874,'1 ',1, 222,   2,    64.200,    -0.372,     0.000,     0.000,     0.000,     0.000, 222,1,0
  1920,'1 ',1, 222,  23,    80.000,    16.637,     0.000,     0.000,     0.000,     0.000, 222,1,0
  1920,'2 ',1, 222,  23,    93.900,    19.457,     0.000,     0.000,     0.000,     0.000, 222,1,0
  1882,'1 ',1, 222,   2,    45.500,   -27.463,     0.000,     0.000,     0.000,     0.000, 222,1,0
  1992,'1 ',1, 222,   2,    50.700,   -18.293,     0.000,     0.000,     0.000,     0.000, 222,1,0
  1836,'1 ',1, 222,   3,    56.600,   -19.828,     0.000,     0.000,     0.000,     0.000, 222,1,0
  1885,'1 ',1, 222,   2,    92.100,    -0.533,     0.000,     0.000,     0.000,     0.000, 222,1,0
  1906,'1 ',1, 222,   3,    59.800,    18.254,     0.000,     0.000,     0.000,     0.000, 222,1,0
  1872,'1 ',1, 222,   2,   109.700,   -10.435,     0.000,     0.000,     0.000,     0.000, 222,1,0
  2278,'1 ',1, 222,  23,    95.200,    -0.551,     0.000,     0.000,     0.000,     0.000, 222,1,0
  3043,'1 ',1, 222,   4,   117.000,    38.623,     0.000,     0.000,     0.000,     0.000, 222,1,0
  1918,'1 ',1, 222,  23,   100.400,    -0.581,     0.000,     0.000,     0.000,     0.000, 222,1,0
  2041,'1 ',1, 222,   2,    65.200,    17.323,     0.000,     0.000,     0.000,     0.000, 222,1,0
  1942,'1 ',1, 222,  23,    65.700,    -8.880,     0.000,     0.000,     0.000,     0.000, 222,1,0
  1925,'1 ',1, 222,  23,    74.100,    -9.929,     0.000,     0.000,     0.000,     0.000, 222,1,0
  1813,'1 ',1, 222,   4,   102.400,     8.607,     0.000,     0.000,     0.000,     0.000, 222,1,0
274650,'UX',1, 222,   7,    46.000,    30.000,     0.000,     0.000,     0.000,     0.000, 222,0,0
274651,'UX',1, 222,   7,    46.000,    30.000,     0.000,     0.000,     0.000,     0.000, 222,0,0
274654,'UX',1, 222,   7,    34.000,    23.000,     0.000,     0.000,     0.000,     0.000, 222,0,0
274655,'UX',1, 222,   7,    36.000,    24.000,     0.000,     0.000,     0.000,     0.000, 222,0,0
274656,'UX',1, 222,   7,    56.000,    21.000,     0.000,     0.000,     0.000,     0.000, 222,0,0
274657,'UX',1, 222,   7,    55.000,    20.000,     0.000,     0.000,     0.000,     0.000, 222,0,0
274658,'UX',1, 222,   7,    18.000,    18.000,     0.000,     0.000,     0.000,     0.000, 222,0,0
274659,'UX',1, 222,   7,    18.000,    18.000,     0.000,     0.000,     0.000,     0.000, 222,0,0
274660,'UX',1, 222,   7,    24.000,    11.000,     0.000,     0.000,     0.000,     0.000, 222,0,0
274661,'UX',1, 222,   7,    24.000,    11.000,     0.000,     0.000,     0.000,     0.000, 222,0,0
274662,'UX',1, 222,   7,    18.200,    10.900,     0.000,     0.000,     0.000,     0.000, 222,0,0
274663,'UX',1, 222,   7,    17.480,     9.260,     0.000,     0.000,     0.000,     0.000, 222,0,0
274677,'1 ',1, 222,   7,    49.000,    45.500,     0.000,     0.000,     0.000,     0.000, 222,0,0
274678,'1 ',1, 222,   7,    54.000,    61.500,     0.000,     0.000,     0.000,     0.000, 222,0,0
  2911,'RX',1, 222,   7,     8.100,     9.900,     0.000,     0.000,     0.000,     0.000,   1,0,0
  2950,'RY',1, 222,   7,    30.000,    10.000,     0.000,     0.000,     0.000,     0.000,   1,0,0