List of load buses:
2580
4412
750384
750380
750382
4784
4783
3258
3259
3250
3251
3252
1941
3255
3257
2911
2326
3333
7044
3330
3337
3336
3335
7042
7126
3339
7125
7049
7048
7120
1994
2314
2313
2310
2311
1087
3772
1085
3770
1083
1120
1121
1123
1089
1088
3143
3144
3146
3149
2543
2542
3384
3385
3380
2981
2980
3021
3020
2381
2262
2263
4215
4211
4212
2760
4218
4355
8124
8123
8122
8121
8120
7706
7707
7705
7702
1906
7701
4426
1942
1930
5402
4410
4357
2613
2612
2611
2610
1934
4140
3298
3299
4107
4106
3294
3295
3296
3297
3291
3292
3452
3453
3519
1813
3457
852
853
3513
3458
3459
3517
859
3514
750299
750298
750293
750292
2463
750296
750077
3466
750078
2277
1861
7009
6612
3019
9029
750273
750272
7000
7003
7005
7004
7149
3207
3206
3205
3204
3202
4071
4072
2560
750338
2278
750005
3415
3507
7078
7079
2343
7074
7075
7076
3341
7070
7071
3344
3345
1756
1755
1754
1753
1752
1751
274657
274654
4253
274655
4254
1886
1885
1883
2376
1880
7045
4668
3116
4666
3114
7188
7189
3431
7041
3340
7186
2594
2659
7077
3407
750305
3334
750303
750302
8022
1059
5079
3412
3413
3410
3411
7073
4223
1830
3338
1836
2330
7122
2593
938
2402
2401
3181
5380
274663
4037
274662
4039
750234
750237
3249
876
5375
3243
3242
3241
3240
3247
3246
3245
3244
2022
827
4488
848
877
9014
7031
7032
7033
750122
7038
7130
7133
3305
9018
3303
3300
750045
4040
4042
1992
898
7010
7011
2417
1874
4548
3150
274650
3390
3393
3392
3395
3394
5401
3399
3017
2570
3015
2378
1009
1008
2375
7129
2377
30015
30014
1086
3771
750257
8118
8119
1872
7148
8112
8113
8111
8116
8117
8114
8115
2882
3455
975
2887
9047
2888
1882
750398
750278
750250
2627
3527
3289
3288
3287
3286
3285
3282
3528
1920
17
3445
7212
7213
3442
2027
274678
750344
7762
2023
750349
750348
2655
274677
7768
1729
882
945
4558
885
888
750080
750244
750248
750249
750167
7324
4009
4164
3236
3234
7323
3238
3239
1961
2877
274658
2878
3355
7101
7102
7103
7104
7105
7106
7107
7108
7109
3053
3050
3051
1043
1042
5367
5364
1918
2338
7065
7064
7185
1768
3190
2321
1760
1766
1767
1765
3498
3499
4479
3389
3128
2523
2522
3122
3123
998882
7192
7191
7190
995
996
2460
7080
750330
750334
750337
3403
3404
9179
3409
3408
2950
3379
4404
1824
1822
3322
4403
2410
2799
2415
53007
2416
2418
2791
925
927
750201
750202
3276
3272
3273
3270
3271
1929
5098
830
3477
836
834
835
838
4126
4125
4667
1924
750347
1777
4193
7023
7022
7020
7026
7025
7024
3311
5378
1925
3318
1726
1727
1076
2329
3759
3611
7056
3169
3165
3162
3163
3161
2569
7097
7094
7095
7092
7093
7090
7091
2561
7156
7155
2562
7098
7099
1033
2361
2429
30004
2430
2583
2582
2581
30001
1806
2423
2424
30009
4440
4378
3462
1866
1868
3722
3723
2898
4452
2896
1831
7072
2516
2409
3761
3531
3532
3534
905
2028
1817
1810
879
3430
7202
3433
7206
7204
3184
3185
3186
3187
750379
3183
2749
750375
274661
274660
750373
4008
3233
750095
899
750096
750397
750392
750391
5209
750256
4797
750253
750252
750251
750399
4156
3224
4158
4159
3223
2563
3610
952
4564
7111
7110
7117
7116
3326
7114
3329
3043
7118
1775
1774
5276
1776
1771
1770
1773
1772
7052
7050
7051
5278
7055
13004
13003
13002
3760
3488
1096
4338
4339
2508
3485
3135
3134
3248
3131
3133
3132
2499
2498
2554
2555
3035
2394
2395
5010
5011
5012
2776
5137
4206
1858
4801
2786
1852
1854
2788
3008
919
916
5450
2600
2601
3261
3260
3263
3262
3265
3264
3267
3266
3269
3268
3467
3509
3465
3464
843
3454
3461
3460
7158
3506
3468
750327
750326
3414
274651
274656
750322
750321
750320
750285
750286
274659
750280
3366
750066
750067
7100
750266
6602
750265
9036
7018
7019
7016
7017
7014
7012
7013
750268
750269
3216
3217
1731
3602
3601
3600
3606
3605
3604
3609
3608
3178
2041
3171
3170
3173
3175
3174
3177
3176
7081
7030
7083
7082
7085
7084
7087
7086
7089
7088
3371
3370
1744
1745
5368
1743
2433
2432
2431
7037
2434
3306
4450
5457
959
7132
3109
1095
4128
4512
3107
3102
3103
2509
1116
1119
2501
4090
4515
750316
750317
750314
750315
750312
750313
8000
8002
6613
3429
3428
1802
2584
3196
6610
750406
3192
3191
2005
750409
4580
750364
