List of buses to disconnect
3714
4721
4049
4411
4789
4788
4787
4786
4785
2100
4780
1908
7784
4145
4144
4147
4146
3721
50162
50161
8016
30050
7392
50168
2910
2858
5096
2857
2856
6098
5181
7401
7040
1995
6096
5267
4720
4529
2318
2319
2317
30017
5176
1067
4075
4526
4525
2492
4020
50353
2891
4021
4834
4112
2829
4559
4556
4557
2826
2820
2821
2822
2823
50336
4472
2546
2545
4078
50084
2548
5418
2380
2383
2382
100013
2387
100011
2389
2388
2261
2494
8040
4214
8042
2441
5007
5006
5005
8047
2763
8049
4194
4195
4219
4190
4191
2103
60001
60000
4358
2102
4354
4356
4350
4351
4353
2831
1849
4429
2042
7703
2040
4756
1843
1840
1847
4427
1844
8026
1965
6075
6074
6072
2704
5128
50293
5129
4080
4110
5114
3801
3803
2618
4101
4100
4074
4102
4430
10028
4540
4109
4108
1905
10022
10023
5131
5130
5178
856
3518
4543
3512
3511
5112
858
3516
3515
2832
7410
7411
2688
2689
4669
2685
2686
2687
4499
4542
2631
20007
4777
2893
20001
9024
5109
4076
4778
5182
1990
1993
5228
4170
5187
5000
1996
1999
5222
4077
5189
5227
4073
5224
3502
2860
2464
2862
2863
2864
7394
5233
5067
50228
2467
5085
2626
5061
5060
5357
4524
2347
2346
1963
5351
5350
6105
5453
5454
6102
5456
5358
2551
50227
4546
56006
56007
56004
5145
56002
56001
7399
4257
50316
4157
4501
4468
50313
1887
4523
3700
4465
4460
2121
2120
2123
2124
2127
2126
2129
100009
50253
4522
2532
2533
1932
6030
2536
2537
2534
2535
2712
5172
5177
2717
4469
5174
2652
2718
2719
4262
2348
8050
4228
4229
8019
8018
5072
4225
7380
4227
4220
8012
8011
8010
1832
50001
50004
1837
1834
1835
50008
4382
4381
1839
4387
4385
2406
2407
2404
2405
2403
2400
2014
2017
4230
2011
8059
2693
4467
8058
1955
4033
4032
4038
1828
4138
2332
9033
4130
4134
4135
4484
4485
9031
4480
50070
50177
50170
4489
1873
6029
2901
2900
2905
4258
4400
1871
6048
1823
2886
3302
5252
5253
5250
5251
5256
3036
4043
4725
2300
5258
4726
4048
2304
4723
4722
30025
4003
2335
5164
3037
2282
2285
4549
4061
50214
2838
4541
4538
2835
7785
4544
4547
2830
5403
5400
2576
2574
2575
7140
4507
4122
2571
100005
100007
9048
100001
2379
100003
4798
2370
4741
4799
7351
8052
8051
30016
5110
30010
8055
8054
5036
5037
5034
5035
2451
5030
5031
4466
4431
4532
1870
4432
4408
4343
4342
1878
1879
2883
8015
2881
50329
4539
2884
2885
4534
4535
4536
2889
4530
4531
50323
4533
50342
2648
6046
4792
50282
2111
2112
4793
2114
2115
8014
2623
2279
2621
5073
2625
1919
3524
7352
7355
3520
7356
1910
1913
1915
5107
1917
1916
50130
10
5070
50133
7331
50137
3444
3447
7330
2024
4013
2026
1923
2020
7408
2699
2698
7405
7404
7407
2694
5223
2029
2691
7402
883
5197
4017
4016
4761
2435
4763
4764
5210
2825
9050
9051
9052
7338
5218
5219
4167
7325
7326
7327
4163
1969
4160
5195
5194
1966
4068
7328
5190
4169
4168
50147
4550
4551
4196
50148
30047
2871
2876
2875
5099
4235
7334
4552
2988
3058
3059
3056
3057
5074
3055
30044
7242
4714
4715
5449
5448
1047
4711
4712
2337
6037
1048
5108
3525
5091
1762
4724
3715
5173
5093
3713
56034
30051
5094
3521
50208
50361
1221
4573
4574
4575
4576
50081
5196
4124
4475
5100
4476
6004
2526
6003
2488
2486
2529
2528
2480
1220
5458
5179
5065
2465
2466
2650
2709
2708
5063
5062
5146
1859
2386
5069
5068
2656
65000
8028
8029
4120
8023
8020
8021
4233
8027
8024
8025
2649
1829
4409
1825
1827
4407
1821
4401
4402
50107
2419
8057
5003
750200
8041
4217
5349
8017
4216
1926
1927
7387
4226
2756
4129
5071
8046
5455
2025
8013
5092
5004
7364
5095
7366
5097
8048
2589
4494
50062
4222
2937
50101
50102
2668
50000
2750
2936
4192
4224
50091
4079
4094
3840
2327
2695
3316
4758
5249
2325
4750
4751
5247
2324
20025
50190
5243
4757
50191
4119
7403
7053
2759
2045
1838
4380
2293
2290
30031
2294
3526
50200
2809
50204
64003
2800
5372
2806
2807
2804
2805
1848
2568
2202
2203
8035
2206
5111
2564
2567
2640
2369
4502
8065
5343
2363
2362
5029
5028
30000
5021
7704
5023
5022
8062
5024
8060
8061
1860
11000
1864
1867
4373
4370
4376
4377
5248
4838
70001
4197
50338
4760
2895
2894
2897
4832
4835
2890
4521
2892
2987
2518
2408
8063
6055
2515
2101
2517
4752
6053
6052
2734
4081
4082
5246
2730
2731
5113
5193
4089
2637
5211
2738
2739
4755
5058
5059
5054
5055
5056
5057
5050
5051
5052
5053
9053
3504
1812
1819
8007
4776
2740
2743
2745
2744
2746
750166
50024
4095
7385
30046
750097
4333
9049
4127
5205
5204
5207
5206
4794
4795
4796
56023
4790
4791
9045
9044
7337
7336
7335
2252
7333
7332
4154
4155
2646
4012
1973
1972
7339
1970
50154
4118
50152
50153
50150
50151
2349
4221
6057
1967
3016
5064
4368
2847
2844
2845
2843
2841
3049
3048
1962
4083
6087
5192
3047
5275
7340
2320
4703
4702
4701
4700
5257
5374
2328
5371
5370
4709
4708
2590
3489
2998
5066
30049
6010
4334
4335
4332
56021
4330
3486
1050
2619
4565
4569
3756
8053
2550
2999
2556
2557
2990
2991
2992
2993
2495
2808
2497
3033
2396
3034
2392
2393
2390
2391
2257
2256
2255
2500
2253
2493
2398
2399
2477
8034
8037
8036
5014
5015
8033
8032
2770
5019
8039
8038
2479
5156
2472
4208
2724
9023
50186
50189
2723
4200
4207
4096
1881
50075
4802
5134
5166
2397
4417
4416
1853
4413
1856
5168
10004
6061
6069
50127
2643
50339
2602
2603
2258
2470
50125
4002
1933
4117
2512
1937
4113
1935
4111
2647
5120
5121
5122
5123
3508
5088
5083
5082
5081
5080
5087
5086
849
5084
2670
4713
8008
50111
50114
5452
2928
3510
2476
4067
9032
5047
5013
5335
9034
8005
5220
8006
2639
8030
4062
4063
1984
1985
5016
4743
4742
5232
5017
4746
4745
4744
2817
2816
2331
2638
2818
5038
4729
4710
998886
2478
7551
998883
7168
2210
2336
5342
4213
6114
7329
6117
6111
5039
4209
50173
2356
2355
30033
56014
4367
4361
4248
4362
4246
4247
30039
4245
4242
2436
4240
4241
4451
50188
1894
1895
1890
1891
1893
4519
2132
2133
2130
4511
50307
50305
6187
2420
3762
4041
4754
6025
6026
6188
5160
5161
5163
4097
2722
2721
2720
5281
2641
4099
4098
2645
2729
2728
4166
4047
4470
8009
5049
5048
8004
5046
5045
5044
5043
5042
5040
3042
4399
1803
5417
1801
1800
4391
4392
1809
1808
1850
1851
4581
4583
4582
